[[ 0.36331166  0.51111717  0.08695314  0.73705736  0.20912115  0.28162092
   0.18601842  0.33006334  0.49236215  0.00512973]
 [-0.42054773 -0.38819903 -0.63750748 -0.54437719 -0.3907153  -0.49167156
  -0.53219379 -0.23891974 -0.1279701  -0.70222395]
 [-0.04520389  0.05289131 -0.22279483 -0.11293341 -0.03686532  0.04629624
   0.06633572 -0.68266658 -0.68554346 -0.45776075]
 [ 0.38193853 -0.03777601  0.86210938  0.41413871  0.40404599  0.62586038
   0.39921058  0.43216474  0.30440043  0.31249067]
 [ 0.80758615  0.02323307  0.84312875 -0.08874813 -0.20432381 -0.28876427
  -0.56713099 -0.17232045 -0.40968965  0.53126895]
 [ 0.1225735   0.26512777 -0.40271135  0.42529302  0.71370084 -0.42687025
  -0.23545556  1.20916877 -0.47226473 -0.3234976 ]
 [-0.09203708 -0.5096115   0.1999796  -0.11639348  0.69248222 -0.42470202
   0.68506647  0.65252007 -0.46070494 -0.15507519]
 [-0.44820949  0.74297194 -0.56054162 -0.381374    0.05695241  0.42197283
   0.72586385  0.21436931 -0.21511935 -0.38532028]
 [-0.16012639  0.19770991  0.45855375 -0.40123423  0.05745287  0.06659903
  -0.07634301 -0.51386019 -0.26741335 -0.27308994]
 [ 0.0303273   0.40130841  0.266715    0.3708646   0.92208412  0.20720034
  -0.24536271  0.02762796  0.05569143 -0.26654009]
 [ 0.59912185  0.45137486  0.88909173  0.5113655   0.37744778  0.32321423
   0.33219194  0.50085211  0.13501515  0.04911809]
 [-0.44931215  0.93463665 -0.48863451 -0.40460507  0.57156869  0.08108694
   0.18228195 -0.5265857  -0.41818739  0.167237  ]
 [ 0.82226468 -0.35630923 -0.4417917   0.5965991   0.38077216 -0.78748667
   0.55724672 -0.32362133  0.29093095 -0.32259542]
 [-0.27934538  0.14581579 -0.41864579 -0.20871551  0.05244746  0.16249982
   0.56153447 -0.06901479  1.55221886 -0.18324654]
 [ 0.56059847  0.72362246  0.62967676  0.51386854  0.3975755   0.66526102
   0.36816599  0.37118268  0.36891055  0.34621897]
 [-0.18505902  0.79863152 -0.46964073 -0.48180876  0.16964408  0.0654249
   0.0695621  -0.48105641  0.1095862   0.53791291]
 [ 0.45576466  0.6577527   0.72253466 -0.76930942 -0.68418658 -0.30234816
   0.20573923  0.41346211  0.09536927 -0.58067668]
 [-0.33365362 -0.0591226   0.17603324  0.45349827  0.19860856 -0.37687687
  -0.41247638 -0.2186429   0.56423585 -0.94089979]
 [-0.63931679  0.2614457  -0.0843998   0.5248514  -0.70423793 -1.30352582
  -0.57032892  0.16148575  0.32992759  0.38050317]
 [ 0.42842205  0.13534766  0.80329814 -0.53019256  0.14234682 -0.90548675
   0.59388106 -0.5256614   0.38960542 -0.2544384 ]
 [ 0.59417985 -0.05642153 -0.42341812 -0.62830789 -0.43976385  0.84388256
   0.76157633  0.22332679 -0.2037409  -0.29675974]
 [-0.17918786 -0.20591632  0.03730917 -0.69776174  0.40428365 -0.15398182
  -0.63991764  0.28485272  0.24510859 -0.13446303]
 [ 0.74261094 -0.17294787 -0.53299932  0.63207877  0.16961029  0.79388008
  -0.83092792 -0.16901555 -0.61230186  0.71777309]
 [-0.25666837 -0.33734427  0.00899067 -0.62353032  0.34327426 -0.10667622
  -0.15212984  0.42148504  0.91390715  0.63938356]
 [ 0.29350131 -0.11000369  0.27074804 -0.01551972  0.35076235 -0.27156461
   0.12657442 -0.08794137  0.83309607  1.07894453]
 [ 0.22235519 -0.69713309 -0.45653623 -0.44307123  0.38836576  0.0634542
   0.07862371  0.65834286  0.21681897 -0.28049071]
 [-0.5646707  -0.15911499  0.97473122  0.56931909 -0.35045522  0.67688063
   0.59470432  0.53092435 -0.09792324 -0.59413015]
 [-0.38970205 -0.61018865 -0.39113982 -0.57661824 -0.57388142 -0.73943551
  -0.51579471 -0.43977475 -0.56395014 -0.3488993 ]
 [-0.03247738 -0.82062811 -0.39431811  0.36140604  0.56003363 -0.10074523
  -0.00414664 -0.92017265  0.20151963 -0.26175773]
 [-0.00330483 -0.42077155  0.12144029  0.33380026  0.12879005 -0.02951502
  -0.32871705  0.09126793  0.22912424 -0.10839002]]
[[ 3.27193477e-01  5.61866103e-01  1.73502672e-01 -2.37246181e-01
  -1.11576754e+00  1.97696267e-01 -1.09618764e+00  2.19075648e-01
   1.27638857e-01 -4.57825181e-01]
 [-2.89230001e-01  7.21421480e-01 -6.82962102e-01  2.34738650e-01
  -7.56868319e-01  8.08204443e-01 -1.38591837e-01  6.46568628e-01
   3.42316539e-02  1.89148486e-01]
 [-6.13936341e-01 -6.51105646e-01  7.04705618e-01  4.47894048e-02
  -3.86469029e-01 -3.97032064e-01 -4.13606000e-01  4.74620529e-01
   7.41910520e-01  8.22742982e-01]
 [-4.03537422e-01 -6.11743036e-01 -6.59410733e-01 -3.98085635e-01
  -4.81702270e-01 -7.27213638e-01 -4.89554472e-01 -4.54120838e-01
  -5.16955453e-01 -3.92668561e-01]
 [-4.37403332e-01  1.93033135e-01  2.65430119e-01  1.16213787e-01
   4.59651087e-01  3.98330874e-01 -4.75870549e-01 -2.29348374e-02
  -5.81951382e-01 -2.95137384e-01]
 [ 1.80677689e-02 -6.81429048e-04  3.44240798e-01  3.76484878e-01
  -2.72312520e-01 -4.01523574e-01 -8.16760458e-02 -2.61169310e-01
  -5.95442965e-01 -2.65204761e-01]
 [-3.45511374e-01 -6.50205395e-01 -1.06430837e-01 -4.78441141e-01
   9.96721662e-03 -1.97551212e-01 -1.02891166e-01  1.35014982e-01
  -3.98522111e-01 -4.29101291e-01]
 [ 2.94062514e-01  3.86579512e-02  7.44422791e-01  4.12646070e-01
   3.90143831e-01  4.39191300e-01  3.75887421e-01  6.07555595e-01
   2.15435280e-01  2.94827275e-01]
 [ 1.25662226e-01  4.13242567e-01 -2.24058539e-01 -7.27740936e-01
   6.36294529e-01  3.08717691e-01 -5.68017150e-01 -3.00958760e-01
  -6.25485216e-01  1.02032489e+00]
 [-2.77181069e-01  5.76041739e-01  7.75791057e-01  3.02528863e-01
  -5.13559798e-01 -6.77814600e-01  1.07547985e-02 -5.87253734e-01
   2.61704617e-02 -4.25811152e-03]
 [-9.33548613e-01 -4.27358382e-02 -1.47166477e-01  2.24132738e-01
  -1.31263495e-01  6.89856814e-01  3.42643836e-01  1.87769650e-01
  -4.08117859e-01 -5.00439912e-01]
 [ 4.56752457e-01 -6.60647633e-01 -4.04974627e-01  6.11959519e-01
   1.04617059e-01  6.72463222e-01 -3.65677161e-01  7.48296042e-01
  -7.95460827e-01 -2.76770516e-01]
 [ 6.29481431e-02  9.39678873e-01  5.53940220e-01 -2.82288801e-02
   9.59679227e-02  9.54107031e-02  6.43361297e-02  1.60496906e-01
  -1.47980780e-01 -1.57063871e-01]
 [-2.98976019e-02 -3.01839908e-01  1.56129910e-01 -1.16635808e-01
   1.51982230e-01 -5.75594469e-01 -4.24653629e-02  5.04350431e-01
   2.50256933e-01 -5.36058343e-01]
 [ 1.01458572e+00  1.85046683e-01 -2.00700320e-01  5.86052800e-01
  -2.25470333e-01 -1.05906117e-01  7.04786135e-01  2.38537162e-01
  -4.14975439e-02  3.58788827e-02]
 [-5.17872693e-01  2.46890261e-01  7.11191845e-01  2.99469399e-01
  -5.15892286e-01  7.13068766e-01  9.43837218e-02 -8.03287260e-01
  -9.13515048e-01  1.90257402e-01]
 [ 4.01673147e-01 -9.69644448e-01  5.85579412e-01  5.69627862e-01
  -3.90802050e-02  1.09723826e-01 -1.00307746e+00 -7.33387189e-01
   3.89100627e-01  5.64266270e-01]
 [-3.87353915e-01 -4.88392594e-01 -3.92456668e-01 -6.31950030e-01
  -4.68420862e-01 -6.76731035e-01 -2.91850365e-01 -3.12513025e-01
  -3.59832489e-01 -3.99196792e-01]
 [-5.46509030e-01 -1.23230148e-01 -1.20242136e+00  2.75322935e-01
   4.26153264e-01  3.50748039e-02 -2.49400349e-01 -3.58720327e-01
   5.68793954e-01  6.08198424e-01]
 [ 3.40354169e-01 -2.05408662e-01  2.67646354e-01  6.80858059e-01
   7.43440161e-01  3.92453428e-01 -2.71648484e-02 -2.55168063e-01
   2.25899918e-01 -1.74635097e-01]
 [-1.90604836e-01 -3.08674137e-01 -6.12497648e-01 -3.90824834e-01
  -3.75744733e-01 -2.83838156e-01 -2.00526151e-01 -4.53984690e-01
  -1.68222789e-01 -5.53338801e-01]
 [ 1.15755670e-01 -1.53388128e-01  4.59351134e-01 -8.23518659e-01
   1.26443799e-01  9.08302122e-01  3.83611199e-01 -6.48516830e-01
   4.56823087e-01 -7.22411586e-01]
 [ 2.92196001e-01 -2.29180334e-01  3.40915589e-01 -1.01373662e+00
  -3.64704362e-02  6.35044012e-01  6.76261867e-02  4.03339892e-01
  -4.91048061e-01 -5.66498095e-01]
 [-9.23464116e-02 -4.60654519e-01 -1.04645867e-01  4.43707666e-01
  -6.26403218e-01  7.24283124e-01  6.84737546e-01 -1.59980142e-03
   7.62704314e-01 -5.35031434e-01]
 [ 1.23460803e-01 -1.02985724e-01  7.38726282e-02 -7.08588605e-01
   5.53338334e-02  5.68278319e-01  3.33923373e-02  1.80173835e-01
  -7.42619182e-02  9.13997812e-01]
 [ 2.72834073e-02 -1.40007902e-01 -1.64130394e-01 -7.84568608e-01
   7.62302385e-02  2.14664971e-01 -7.04712687e-01 -3.76314972e-01
   1.85743112e-01 -1.25099891e-01]
 [ 1.77890852e-01  1.37638922e-02  7.92398347e-01 -6.40607772e-02
   1.20106025e-01  4.39151088e-01  3.69407889e-01  8.68061872e-01
   8.21926180e-02  2.79338426e-01]
 [ 3.59183362e-01  3.37326333e-01  1.33177486e-01  2.37735952e-01
   2.55612639e-01  3.12626289e-01  2.88883356e-01  2.15274392e-01
   1.04180868e+00  1.64049193e-01]
 [-2.47936472e-01  4.83178228e-01 -4.27022763e-01 -2.13436222e-01
   4.93971906e-01 -5.80304694e-01 -2.99037709e-01  6.48076531e-01
   6.25475948e-01 -2.29245178e-01]
 [ 1.09238130e-01 -4.83591932e-01  5.71877632e-01  4.27566377e-01
  -1.54718283e-01 -1.49558207e-01 -2.62027301e-01  4.02851087e-01
  -6.58678569e-01 -1.61692645e-01]]
