[[-2.57264427e-02 -2.70332530e-01 -2.44913225e-01 -2.72560742e-01
  -1.03362366e-01 -4.10405736e-02  5.00194822e-02 -1.76746070e-02
  -2.72949115e-01 -2.61495424e-01 -2.54895574e-01 -1.08137617e-01
  -1.53347952e-01 -5.67347450e-02 -1.31164459e-01 -2.55362766e-01
  -8.69654653e-03 -1.98677533e-01 -4.86373017e-02 -2.51867319e-01
  -2.26056845e-01 -1.75932949e-01  3.83610625e-02  4.37373935e-02
  -2.29507691e-01  2.66954656e-02 -1.70648791e-01  9.06281643e-02
  -2.00508060e-01 -1.29964403e-01]
 [ 1.59664097e-01 -8.49419906e-02 -5.95226857e-02 -8.71702033e-02
   8.20281731e-02  1.44349966e-01  2.35410021e-01  1.67715932e-01
  -8.75585763e-02 -7.61048845e-02 -6.95050350e-02  7.72529218e-02
   3.20425869e-02  1.28655794e-01  5.42260799e-02 -6.99722268e-02
   1.76693993e-01 -1.32869939e-02  1.36753237e-01 -6.64767803e-02
  -4.06663061e-02  9.45759056e-03  2.23751602e-01  2.29127933e-01
  -4.41171516e-02  2.12086005e-01  1.47417480e-02  2.76018703e-01
  -1.51175205e-02  5.54261360e-02]
 [ 1.82172977e-01 -6.24331099e-02 -3.70138050e-02 -6.46613226e-02
   1.04537054e-01  1.66858846e-01  2.57918902e-01  1.90224813e-01
  -6.50496956e-02 -5.35960038e-02 -4.69961544e-02  9.97618025e-02
   5.45514675e-02  1.51164675e-01  7.67349606e-02 -4.74633461e-02
   1.99202873e-01  9.22188671e-03  1.59262118e-01 -4.39678996e-02
  -1.81574254e-02  3.19664712e-02  2.46260482e-01  2.51636813e-01
  -2.16082709e-02  2.34594885e-01  3.72506286e-02  2.98527584e-01
   7.39136013e-03  7.79350166e-02]
 [-3.64380530e-02 -2.81044140e-01 -2.55624835e-01 -2.83272353e-01
  -1.14073976e-01 -5.17521839e-02  3.93078719e-02 -2.83862173e-02
  -2.83660726e-01 -2.72207034e-01 -2.65607185e-01 -1.18849228e-01
  -1.64059563e-01 -6.74463553e-02 -1.41876070e-01 -2.66074376e-01
  -1.94081569e-02 -2.09389143e-01 -5.93489120e-02 -2.62578930e-01
  -2.36768456e-01 -1.86644559e-01  2.76494521e-02  3.30257832e-02
  -2.40219301e-01  1.59838553e-02 -1.81360402e-01  7.99165539e-02
  -2.11219670e-01 -1.40676014e-01]
 [ 3.03888969e-02 -2.14217190e-01 -1.88797885e-01 -2.16445403e-01
  -4.72470265e-02  1.50747660e-02  1.06134822e-01  3.84407326e-02
  -2.16833776e-01 -2.05380084e-01 -1.98780235e-01 -5.20222778e-02
  -9.72326127e-02 -6.19405413e-04 -7.50491197e-02 -1.99247426e-01
   4.74187930e-02 -1.42562194e-01  7.47803786e-03 -1.95751980e-01
  -1.69941506e-01 -1.19817609e-01  9.44764020e-02  9.98527331e-02
  -1.73392351e-01  8.28108052e-02 -1.14533452e-01  1.46743504e-01
  -1.44392720e-01 -7.38490636e-02]
 [ 3.48723210e-02 -2.09733766e-01 -1.84314461e-01 -2.11961979e-01
  -4.27636024e-02  1.95581901e-02  1.10618246e-01  4.29241567e-02
  -2.12350352e-01 -2.00896660e-01 -1.94296811e-01 -4.75388537e-02
  -9.27491886e-02  3.86401869e-03 -7.05656956e-02 -1.94764002e-01
   5.19022171e-02 -1.38078769e-01  1.19614620e-02 -1.91268556e-01
  -1.65458082e-01 -1.15334185e-01  9.89598261e-02  1.04336157e-01
  -1.68908927e-01  8.72942293e-02 -1.10050028e-01  1.51226928e-01
  -1.39909296e-01 -6.93656395e-02]
 [ 9.66853061e-02 -1.47920781e-01 -1.22501476e-01 -1.50148994e-01
   1.90493827e-02  8.13711752e-02  1.72431231e-01  1.04737142e-01
  -1.50537367e-01 -1.39083675e-01 -1.32483825e-01  1.42741314e-02
  -3.09362035e-02  6.56770038e-02 -8.75271050e-03 -1.32951017e-01
   1.13715202e-01 -7.62657844e-02  7.37744471e-02 -1.29455571e-01
  -1.03645097e-01 -5.35211999e-02  1.60772811e-01  1.66149142e-01
  -1.07095942e-01  1.49107214e-01 -4.82370425e-02  2.13039913e-01
  -7.80963109e-02 -7.55265443e-03]
 [ 3.36808682e-02 -2.10925219e-01 -1.85505914e-01 -2.13153432e-01
  -4.39550552e-02  1.83667373e-02  1.09426793e-01  4.17327039e-02
  -2.13541805e-01 -2.02088113e-01 -1.95488263e-01 -4.87303065e-02
  -9.39406414e-02  2.67256591e-03 -7.17571484e-02 -1.95955455e-01
   5.07107644e-02 -1.39270222e-01  1.07700092e-02 -1.92460009e-01
  -1.66649534e-01 -1.16525638e-01  9.77683734e-02  1.03144704e-01
  -1.70100380e-01  8.61027765e-02 -1.11241480e-01  1.50035475e-01
  -1.41100749e-01 -7.05570923e-02]
 [ 1.75514089e-01 -6.90919977e-02 -4.36726928e-02 -7.13202104e-02
   9.78781660e-02  1.60199958e-01  2.51260014e-01  1.83565925e-01
  -7.17085834e-02 -6.02548916e-02 -5.36550421e-02  9.31029147e-02
   4.78925798e-02  1.44505787e-01  7.00760728e-02 -5.41222339e-02
   1.92543986e-01  2.56299895e-03  1.52603230e-01 -5.06267874e-02
  -2.48163132e-02  2.53075835e-02  2.39601595e-01  2.44977926e-01
  -2.82671587e-02  2.27935998e-01  3.05917409e-02  2.91868696e-01
   7.32472375e-04  7.12761289e-02]
 [ 3.50450044e-02 -2.09561083e-01 -1.84141778e-01 -2.11789295e-01
  -4.25909191e-02  1.97308735e-02  1.10790929e-01  4.30968401e-02
  -2.12177668e-01 -2.00723977e-01 -1.94124127e-01 -4.73661703e-02
  -9.25765053e-02  4.03670206e-03 -7.03930122e-02 -1.94591319e-01
   5.20749005e-02 -1.37906086e-01  1.21341453e-02 -1.91095872e-01
  -1.65285398e-01 -1.15161502e-01  9.91325095e-02  1.04508841e-01
  -1.68736244e-01  8.74669126e-02 -1.09877344e-01  1.51399611e-01
  -1.39736613e-01 -6.91929561e-02]
 [-1.09596175e-02 -2.55565705e-01 -2.30146400e-01 -2.57793917e-01
  -8.85955409e-02 -2.62737484e-02  6.47863074e-02 -2.90778179e-03
  -2.58182290e-01 -2.46728599e-01 -2.40128749e-01 -9.33707922e-02
  -1.38581127e-01 -4.19679198e-02 -1.16397634e-01 -2.40595941e-01
   6.07027864e-03 -1.83910708e-01 -3.38704765e-02 -2.37100494e-01
  -2.11290020e-01 -1.61166123e-01  5.31278876e-02  5.85042187e-02
  -2.14740866e-01  4.14622908e-02 -1.55881966e-01  1.05394989e-01
  -1.85741235e-01 -1.15197578e-01]
 [ 7.57195060e-02 -1.68886581e-01 -1.43467276e-01 -1.71114794e-01
  -1.91641745e-03  6.04053751e-02  1.51465431e-01  8.37713417e-02
  -1.71503167e-01 -1.60049475e-01 -1.53449626e-01 -6.69166871e-03
  -5.19020036e-02  4.47112037e-02 -2.97185106e-02 -1.53916817e-01
   9.27494021e-02 -9.72315845e-02  5.28086469e-02 -1.50421371e-01
  -1.24610897e-01 -7.44870000e-02  1.39807011e-01  1.45183342e-01
  -1.28061742e-01  1.28141414e-01 -6.92028426e-02  1.92074113e-01
  -9.90621111e-02 -2.85184545e-02]
 [ 1.21765367e-01 -1.22840720e-01 -9.74214147e-02 -1.25068932e-01
   4.41294440e-02  1.06451237e-01  1.97511292e-01  1.29817203e-01
  -1.25457305e-01 -1.14003614e-01 -1.07403764e-01  3.93541928e-02
  -5.85614217e-03  9.07570651e-02  1.63273509e-02 -1.07870956e-01
   1.38795264e-01 -5.11857230e-02  9.88545084e-02 -1.04375509e-01
  -7.85650352e-02 -2.84411385e-02  1.85852873e-01  1.91229204e-01
  -8.20158807e-02  1.74187276e-01 -2.31569811e-02  2.38119974e-01
  -5.30162496e-02  1.75274069e-02]
 [ 2.63354841e-02 -2.18270603e-01 -1.92851298e-01 -2.20498816e-01
  -5.13004394e-02  1.10213532e-02  1.02081409e-01  3.43873198e-02
  -2.20887189e-01 -2.09433497e-01 -2.02833647e-01 -5.60756906e-02
  -1.01286026e-01 -4.67281824e-03 -7.91025325e-02 -2.03300839e-01
   4.33653802e-02 -1.46615606e-01  3.42462503e-03 -1.99805393e-01
  -1.73994919e-01 -1.23871022e-01  9.04229892e-02  9.57993203e-02
  -1.77445764e-01  7.87573923e-02 -1.18586864e-01  1.42690091e-01
  -1.48446133e-01 -7.79024765e-02]
 [-3.21626880e-02 -2.76768775e-01 -2.51349470e-01 -2.78996988e-01
  -1.09798611e-01 -4.74768189e-02  4.35832369e-02 -2.41108523e-02
  -2.79385361e-01 -2.67931669e-01 -2.61331820e-01 -1.14573863e-01
  -1.59784198e-01 -6.31709903e-02 -1.37600705e-01 -2.61799011e-01
  -1.51327919e-02 -2.05113778e-01 -5.50735471e-02 -2.58303565e-01
  -2.32493091e-01 -1.82369194e-01  3.19248171e-02  3.73011482e-02
  -2.35943936e-01  2.02592202e-02 -1.77085037e-01  8.41919189e-02
  -2.06944305e-01 -1.36400649e-01]
 [ 6.52423329e-02 -1.79363754e-01 -1.53944449e-01 -1.81591967e-01
  -1.23935906e-02  4.99282020e-02  1.40988258e-01  7.32941686e-02
  -1.81980340e-01 -1.70526648e-01 -1.63926799e-01 -1.71688418e-02
  -6.23791768e-02  3.42340306e-02 -4.01956837e-02 -1.64393990e-01
   8.22722290e-02 -1.07708758e-01  4.23314738e-02 -1.60898544e-01
  -1.35088070e-01 -8.49641731e-02  1.29329838e-01  1.34706169e-01
  -1.38538915e-01  1.17664241e-01 -7.96800157e-02  1.81596940e-01
  -1.09539284e-01 -3.89956277e-02]
 [ 1.04356170e-01 -1.40249917e-01 -1.14830613e-01 -1.42478130e-01
   2.67202462e-02  8.90420387e-02  1.80102095e-01  1.12408005e-01
  -1.42866503e-01 -1.31412811e-01 -1.24812962e-01  2.19449950e-02
  -2.32653400e-02  7.33478673e-02 -1.08184693e-03 -1.25280154e-01
   1.21386066e-01 -6.85949208e-02  8.14453106e-02 -1.21784707e-01
  -9.59742329e-02 -4.58503363e-02  1.68443675e-01  1.73820006e-01
  -9.94250785e-02  1.56778078e-01 -4.05661789e-02  2.20710777e-01
  -7.04254474e-02  1.18209134e-04]
 [ 1.40096032e-01 -1.04510055e-01 -7.90907499e-02 -1.06738268e-01
   6.24601089e-02  1.24781901e-01  2.15841957e-01  1.48147868e-01
  -1.07126640e-01 -9.56729487e-02 -8.90730992e-02  5.76848576e-02
   1.24745227e-02  1.09087730e-01  3.46580157e-02 -8.95402910e-02
   1.57125928e-01 -3.28550582e-02  1.17185173e-01 -8.60448445e-02
  -6.02343703e-02 -1.01104737e-02  2.04183537e-01  2.09559868e-01
  -6.36852158e-02  1.92517941e-01 -4.82631627e-03  2.56450639e-01
  -3.46855847e-02  3.58580718e-02]
 [ 1.37603505e-01 -1.07002582e-01 -8.15832773e-02 -1.09230795e-01
   5.99675814e-02  1.22289374e-01  2.13349430e-01  1.45655341e-01
  -1.09619168e-01 -9.81654761e-02 -9.15656267e-02  5.51923302e-02
   9.98199524e-03  1.06595203e-01  3.21654883e-02 -9.20328184e-02
   1.54633401e-01 -3.53475856e-02  1.14692646e-01 -8.85373719e-02
  -6.27268977e-02 -1.26030011e-02  2.01691010e-01  2.07067341e-01
  -6.61777432e-02  1.90025413e-01 -7.31884369e-03  2.53958112e-01
  -3.71781122e-02  3.33655443e-02]
 [ 1.46888873e-01 -9.77172136e-02 -7.22979087e-02 -9.99454263e-02
   6.92529500e-02  1.31574743e-01  2.22634798e-01  1.54940709e-01
  -1.00333799e-01 -8.88801075e-02 -8.22802581e-02  6.44776988e-02
   1.92673638e-02  1.15880571e-01  4.14508569e-02 -8.27474498e-02
   1.63918770e-01 -2.60622170e-02  1.23978014e-01 -7.92520033e-02
  -5.34415291e-02 -3.31763249e-03  2.10976379e-01  2.16352710e-01
  -5.68923746e-02  1.99310782e-01  1.96652491e-03  2.63243480e-01
  -2.78927436e-02  4.26509129e-02]
 [ 2.80335513e-02 -2.16572536e-01 -1.91153231e-01 -2.18800748e-01
  -4.96023721e-02  1.27194204e-02  1.03779476e-01  3.60853870e-02
  -2.19189121e-01 -2.07735430e-01 -2.01135580e-01 -5.43776234e-02
  -9.95879583e-02 -2.97475100e-03 -7.74044653e-02 -2.01602772e-01
   4.50634475e-02 -1.44917539e-01  5.12269227e-03 -1.98107325e-01
  -1.72296851e-01 -1.22172955e-01  9.21210564e-02  9.74973875e-02
  -1.75747697e-01  8.04554596e-02 -1.16888797e-01  1.44388158e-01
  -1.46748066e-01 -7.62044092e-02]
 [ 1.48640508e-01 -9.59655790e-02 -7.05462741e-02 -9.81937917e-02
   7.10045846e-02  1.33326377e-01  2.24386433e-01  1.56692344e-01
  -9.85821647e-02 -8.71284729e-02 -8.05286234e-02  6.62293334e-02
   2.10189985e-02  1.17632206e-01  4.32024915e-02 -8.09958152e-02
   1.65670404e-01 -2.43105824e-02  1.25729649e-01 -7.75003687e-02
  -5.16898945e-02 -1.56599787e-03  2.12728013e-01  2.18104344e-01
  -5.51407400e-02  2.01062416e-01  3.71815953e-03  2.64995115e-01
  -2.61411090e-02  4.44025476e-02]
 [ 8.93954129e-03 -2.35666546e-01 -2.10247241e-01 -2.37894759e-01
  -6.86963822e-02 -6.37458964e-03  8.46854662e-02  1.69913770e-02
  -2.38283132e-01 -2.26829440e-01 -2.20229590e-01 -7.34716334e-02
  -1.18681968e-01 -2.20687610e-02 -9.64984753e-02 -2.20696782e-01
   2.59694374e-02 -1.64011549e-01 -1.39713178e-02 -2.17201336e-01
  -1.91390861e-01 -1.41266965e-01  7.30270464e-02  7.84033775e-02
  -1.94841707e-01  6.13614495e-02 -1.35982807e-01  1.25294148e-01
  -1.65842076e-01 -9.52984193e-02]
 [ 9.48277225e-02 -1.49778365e-01 -1.24359060e-01 -1.52006577e-01
   1.71917991e-02  7.95135916e-02  1.70573647e-01  1.02879558e-01
  -1.52394950e-01 -1.40941258e-01 -1.34341409e-01  1.24165478e-02
  -3.27937871e-02  6.38194202e-02 -1.06102941e-02 -1.34808601e-01
   1.11857619e-01 -7.81233679e-02  7.19168635e-02 -1.31313154e-01
  -1.05502680e-01 -5.53787834e-02  1.58915228e-01  1.64291559e-01
  -1.08953526e-01  1.47249631e-01 -5.00946260e-02  2.11182329e-01
  -7.99538945e-02 -9.41023800e-03]
 [ 3.25702379e-02 -2.12035849e-01 -1.86616544e-01 -2.14264062e-01
  -4.50656856e-02  1.72561069e-02  1.08316163e-01  4.06220735e-02
  -2.14652435e-01 -2.03198743e-01 -1.96598894e-01 -4.98409369e-02
  -9.50512718e-02  1.56193552e-03 -7.28677788e-02 -1.97066085e-01
   4.96001340e-02 -1.40380853e-01  9.65937879e-03 -1.93570639e-01
  -1.67760165e-01 -1.17636268e-01  9.66577430e-02  1.02034074e-01
  -1.71211010e-01  8.49921461e-02 -1.12352111e-01  1.48924845e-01
  -1.42211379e-01 -7.16677227e-02]
 [ 1.37410179e-01 -1.07195908e-01 -8.17766033e-02 -1.09424121e-01
   5.97742555e-02  1.22096048e-01  2.13156104e-01  1.45462015e-01
  -1.09812494e-01 -9.83588021e-02 -9.17589526e-02  5.49990042e-02
   9.78866930e-03  1.06401877e-01  3.19721623e-02 -9.22261444e-02
   1.54440075e-01 -3.55409115e-02  1.14499320e-01 -8.87306979e-02
  -6.29202237e-02 -1.27963270e-02  2.01497684e-01  2.06874015e-01
  -6.63710692e-02  1.89832087e-01 -7.51216964e-03  2.53764786e-01
  -3.73714381e-02  3.31722184e-02]
 [-8.94599021e-03 -2.53552077e-01 -2.28132772e-01 -2.55780290e-01
  -8.65819137e-02 -2.42601212e-02  6.67999347e-02 -8.94154528e-04
  -2.56168663e-01 -2.44714971e-01 -2.38115122e-01 -9.13571649e-02
  -1.36567500e-01 -3.99542925e-02 -1.14384007e-01 -2.38582314e-01
   8.08390591e-03 -1.81897081e-01 -3.18568493e-02 -2.35086867e-01
  -2.09276393e-01 -1.59152496e-01  5.51415149e-02  6.05178459e-02
  -2.12727238e-01  4.34759180e-02 -1.53868339e-01  1.07408617e-01
  -1.83727607e-01 -1.13183951e-01]
 [ 1.84271809e-01 -6.03342782e-02 -3.49149733e-02 -6.25624909e-02
   1.06635885e-01  1.68957678e-01  2.60017734e-01  1.92323645e-01
  -6.29508639e-02 -5.14971721e-02 -4.48973226e-02  1.01860634e-01
   5.66502993e-02  1.53263507e-01  7.88337923e-02 -4.53645144e-02
   2.01301705e-01  1.13207184e-02  1.61360950e-01 -4.18690679e-02
  -1.60585937e-02  3.40653029e-02  2.48359314e-01  2.53735645e-01
  -1.95094392e-02  2.36693717e-01  3.93494603e-02  3.00626416e-01
   9.49019184e-03  8.00338484e-02]
 [ 2.12590077e-01 -3.20160101e-02 -6.59670519e-03 -3.42442228e-02
   1.34954154e-01  1.97275946e-01  2.88336002e-01  2.20641913e-01
  -3.46325958e-02 -2.31789040e-02 -1.65790545e-02  1.30178902e-01
   8.49685674e-02  1.81581775e-01  1.07152060e-01 -1.70462463e-02
   2.29619973e-01  3.96389865e-02  1.89679218e-01 -1.35507998e-02
   1.22596744e-02  6.23835710e-02  2.76677582e-01  2.82053913e-01
   8.80882888e-03  2.65011985e-01  6.76677284e-02  3.28944684e-01
   3.78084600e-02  1.08352116e-01]
 [ 9.72357586e-02 -1.47370329e-01 -1.21951024e-01 -1.49598541e-01
   1.95998351e-02  8.19216277e-02  1.72981683e-01  1.05287594e-01
  -1.49986914e-01 -1.38533222e-01 -1.31933373e-01  1.48245839e-02
  -3.03857510e-02  6.62274563e-02 -8.20225801e-03 -1.32400565e-01
   1.14265655e-01 -7.57153319e-02  7.43248995e-02 -1.28905118e-01
  -1.03094644e-01 -5.29707474e-02  1.61323264e-01  1.66699595e-01
  -1.06545490e-01  1.49657667e-01 -4.76865900e-02  2.13590366e-01
  -7.75458585e-02 -7.00220194e-03]]
[[ 1.37826063e-01  9.40351495e-02 -7.32674509e-02  2.18208903e-01
   1.05228133e-01 -9.87225228e-02  1.63467028e-01  1.40776640e-01
   2.31899812e-01 -1.62044318e-01 -1.04891800e-01  1.63731607e-01
   1.50573304e-01 -3.38716160e-02  1.98056444e-01  1.46671649e-01
  -1.03969141e-02  1.94036606e-01 -9.11937829e-02  1.80970664e-01
   1.18038125e-01  5.47284138e-02  1.87886833e-01 -2.39968943e-02
  -1.56568818e-01  1.56339748e-01 -1.40289136e-01  3.51328743e-03
   1.31272832e-01 -2.40664862e-02]
 [ 1.51726161e-02 -2.86182975e-02 -1.95920898e-01  9.55554560e-02
  -1.74253144e-02 -2.21375970e-01  4.08135811e-02  1.81231929e-02
   1.09246365e-01 -2.84697765e-01 -2.27545247e-01  4.10781603e-02
   2.79198570e-02 -1.56525063e-01  7.54029966e-02  2.40182021e-02
  -1.33050361e-01  7.13831588e-02 -2.13847230e-01  5.83172166e-02
  -4.61532197e-03 -6.79250332e-02  6.52333863e-02 -1.46650341e-01
  -2.79222265e-01  3.36863010e-02 -2.62942583e-01 -1.19140160e-01
   8.61938472e-03 -1.46719933e-01]
 [ 1.12500766e-01  6.87098523e-02 -9.85927481e-02  1.92883606e-01
   7.99028354e-02 -1.24047820e-01  1.38141731e-01  1.15451343e-01
   2.06574514e-01 -1.87369616e-01 -1.30217098e-01  1.38406310e-01
   1.25248007e-01 -5.91969133e-02  1.72731146e-01  1.21346352e-01
  -3.57222113e-02  1.68711308e-01 -1.16519080e-01  1.55645366e-01
   9.27128278e-02  2.94031166e-02  1.62561536e-01 -4.93221916e-02
  -1.81894115e-01  1.31014451e-01 -1.65614434e-01 -2.18120098e-02
   1.05947534e-01 -4.93917834e-02]
 [ 2.25205470e-01  1.81414557e-01  1.41119562e-02  3.05588310e-01
   1.92607540e-01 -1.13431158e-02  2.50846435e-01  2.28156047e-01
   3.19279219e-01 -7.46649113e-02 -1.75123933e-02  2.51111014e-01
   2.37952711e-01  5.35077910e-02  2.85435851e-01  2.34051056e-01
   7.69824930e-02  2.81416013e-01 -3.81437586e-03  2.68350071e-01
   2.05417532e-01  1.42107821e-01  2.75266240e-01  6.33825127e-02
  -6.91894110e-02  2.43719155e-01 -5.29097294e-02  9.08926945e-02
   2.18652239e-01  6.33129208e-02]
 [ 8.89502475e-02  4.51593339e-02 -1.22143266e-01  1.69333087e-01
   5.63523170e-02 -1.47598338e-01  1.14591212e-01  9.19008242e-02
   1.83023996e-01 -2.10920134e-01 -1.53767616e-01  1.14855792e-01
   1.01697488e-01 -8.27474316e-02  1.49180628e-01  9.77958335e-02
  -5.92727297e-02  1.45160790e-01 -1.40069599e-01  1.32094848e-01
   6.91623094e-02  5.85259821e-03  1.39011018e-01 -7.28727099e-02
  -2.05444634e-01  1.07463932e-01 -1.89164952e-01 -4.53625282e-02
   8.23970161e-02 -7.29423018e-02]
 [ 1.17009278e-01  7.32183646e-02 -9.40842358e-02  1.97392118e-01
   8.44113477e-02 -1.19539308e-01  1.42650243e-01  1.19959855e-01
   2.11083027e-01 -1.82861103e-01 -1.25708585e-01  1.42914822e-01
   1.29756519e-01 -5.46884010e-02  1.77239659e-01  1.25854864e-01
  -3.12136990e-02  1.73219821e-01 -1.12010568e-01  1.60153879e-01
   9.72213401e-02  3.39116289e-02  1.67070048e-01 -4.48136793e-02
  -1.77385603e-01  1.35522963e-01 -1.61105921e-01 -1.73034975e-02
   1.10456047e-01 -4.48832711e-02]
 [ 2.13164833e-01  1.69373919e-01  2.07131880e-03  2.93547673e-01
   1.80566902e-01 -2.33837531e-02  2.38805798e-01  2.16115410e-01
   3.07238581e-01 -8.67055487e-02 -2.95530307e-02  2.39070377e-01
   2.25912074e-01  4.14671536e-02  2.73395213e-01  2.22010419e-01
   6.49418556e-02  2.69375375e-01 -1.58550133e-02  2.56309433e-01
   1.93376895e-01  1.30067183e-01  2.63225603e-01  5.13418753e-02
  -8.12300484e-02  2.31678518e-01 -6.49503668e-02  7.88520571e-02
   2.06611601e-01  5.12722835e-02]
 [-6.05015046e-03 -4.98410641e-02 -2.17143664e-01  7.43326894e-02
  -3.86480810e-02 -2.42598736e-01  1.95908145e-02 -3.09957370e-03
   8.80235982e-02 -3.05920532e-01 -2.48768014e-01  1.98553937e-02
   6.69709041e-03 -1.77747830e-01  5.41802300e-02  2.79543556e-03
  -1.54273128e-01  5.01603922e-02 -2.35069996e-01  3.70944500e-02
  -2.58380885e-02 -8.91477997e-02  4.40106198e-02 -1.67873108e-01
  -3.00445032e-01  1.24635344e-02 -2.84165350e-01 -1.40362926e-01
  -1.26033819e-02 -1.67942700e-01]
 [ 8.48316280e-02  4.10407144e-02 -1.26261886e-01  1.65214468e-01
   5.22336975e-02 -1.51716958e-01  1.10472593e-01  8.77822048e-02
   1.78905377e-01 -2.15038753e-01 -1.57886235e-01  1.10737172e-01
   9.75788689e-02 -8.68660511e-02  1.45062008e-01  9.36772140e-02
  -6.33913492e-02  1.41042171e-01 -1.44188218e-01  1.27976228e-01
   6.50436899e-02  1.73397874e-03  1.34892398e-01 -7.69913294e-02
  -2.09563253e-01  1.03345313e-01 -1.93283572e-01 -4.94811476e-02
   7.82783966e-02 -7.70609213e-02]
 [ 8.98379983e-02  4.60470847e-02 -1.21255516e-01  1.70220838e-01
   5.72400678e-02 -1.46710588e-01  1.15478963e-01  9.27885750e-02
   1.83911747e-01 -2.10032383e-01 -1.52879865e-01  1.15743542e-01
   1.02585239e-01 -8.18596809e-02  1.50068379e-01  9.86835843e-02
  -5.83849789e-02  1.46048541e-01 -1.39181848e-01  1.32982599e-01
   7.00500602e-02  6.74034898e-03  1.39898768e-01 -7.19849592e-02
  -2.04556883e-01  1.08351683e-01 -1.88277201e-01 -4.44747774e-02
   8.32847669e-02 -7.20545510e-02]
 [ 1.04122391e-01  6.03314770e-02 -1.06971123e-01  1.84505230e-01
   7.15244600e-02 -1.32426195e-01  1.29763356e-01  1.07072967e-01
   1.98196139e-01 -1.95747991e-01 -1.38595473e-01  1.30027935e-01
   1.16869631e-01 -6.75752886e-02  1.64352771e-01  1.12967977e-01
  -4.41005866e-02  1.60332933e-01 -1.24897455e-01  1.47266991e-01
   8.43344525e-02  2.10247413e-02  1.54183161e-01 -5.77005669e-02
  -1.90272491e-01  1.22636075e-01 -1.73992809e-01 -3.01903851e-02
   9.75691591e-02 -5.77701587e-02]
 [ 6.21261076e-02  1.83351940e-02 -1.48967406e-01  1.42508947e-01
   2.95281771e-02 -1.74422478e-01  8.77670726e-02  6.50766843e-02
   1.56199856e-01 -2.37744274e-01 -1.80591756e-01  8.80316517e-02
   7.48733484e-02 -1.09571572e-01  1.22356488e-01  7.09716936e-02
  -8.60968696e-02  1.18336650e-01 -1.66893738e-01  1.05270708e-01
   4.23381695e-02 -2.09715417e-02  1.12186878e-01 -9.96968499e-02
  -2.32268774e-01  8.06397924e-02 -2.15989092e-01 -7.21866681e-02
   5.55728762e-02 -9.97664417e-02]
 [-1.40000009e-02 -5.77909144e-02 -2.25093515e-01  6.63828390e-02
  -4.65979313e-02 -2.50548587e-01  1.16409641e-02 -1.10494241e-02
   8.00737478e-02 -3.13870382e-01 -2.56717864e-01  1.19055433e-02
  -1.25275999e-03 -1.85697680e-01  4.62303796e-02 -5.15441483e-03
  -1.62222978e-01  4.22105418e-02 -2.43019847e-01  2.91445996e-02
  -3.37879389e-02 -9.70976501e-02  3.60607694e-02 -1.75822958e-01
  -3.08394882e-01  4.51368399e-03 -2.92115200e-01 -1.48312777e-01
  -2.05532323e-02 -1.75892550e-01]
 [ 1.82860385e-01  1.39069471e-01 -2.82331291e-02  2.63243225e-01
   1.50262454e-01 -5.36882011e-02  2.08501350e-01  1.85810962e-01
   2.76934133e-01 -1.17009997e-01 -5.98574786e-02  2.08765929e-01
   1.95607626e-01  1.11627057e-02  2.43090765e-01  1.91705971e-01
   3.46374076e-02  2.39070927e-01 -4.61594612e-02  2.26004985e-01
   1.63072447e-01  9.97627355e-02  2.32921155e-01  2.10374274e-02
  -1.11534496e-01  2.01374070e-01 -9.52548147e-02  4.85476092e-02
   1.76307153e-01  2.09678355e-02]
 [ 7.81163422e-03 -3.59792794e-02 -2.03281880e-01  8.81944741e-02
  -2.47862963e-02 -2.28736952e-01  3.34525992e-02  1.07622110e-02
   1.01885383e-01 -2.92058747e-01 -2.34906229e-01  3.37171784e-02
   2.05588751e-02 -1.63886045e-01  6.80420147e-02  1.66572202e-02
  -1.40411343e-01  6.40221769e-02 -2.21208212e-01  5.09562347e-02
  -1.19763039e-02 -7.52860151e-02  5.78724044e-02 -1.54011323e-01
  -2.86583247e-01  2.63253191e-02 -2.70303565e-01 -1.26501141e-01
   1.25840283e-03 -1.54080915e-01]
 [ 2.28927386e-02 -2.08981750e-02 -1.88200775e-01  1.03275579e-01
  -9.70519186e-03 -2.13655847e-01  4.85337036e-02  2.58433154e-02
   1.16966487e-01 -2.76977643e-01 -2.19825125e-01  4.87982828e-02
   3.56399795e-02 -1.48804940e-01  8.31231191e-02  3.17383247e-02
  -1.25330239e-01  7.91032813e-02 -2.06127107e-01  6.60373391e-02
   3.10480055e-03 -6.02049106e-02  7.29535088e-02 -1.38930219e-01
  -2.71502142e-01  4.14064235e-02 -2.55222461e-01 -1.11420037e-01
   1.63395072e-02 -1.38999811e-01]
 [ 1.03454579e-01  5.96636656e-02 -1.07638935e-01  1.83837419e-01
   7.08566487e-02 -1.33094007e-01  1.29095544e-01  1.06405156e-01
   1.97528328e-01 -1.96415802e-01 -1.39263284e-01  1.29360123e-01
   1.16201820e-01 -6.82431000e-02  1.63684960e-01  1.12300165e-01
  -4.47683980e-02  1.59665122e-01 -1.25565267e-01  1.46599180e-01
   8.36666411e-02  2.03569299e-02  1.53515349e-01 -5.83683783e-02
  -1.90940302e-01  1.21968264e-01 -1.74660620e-01 -3.08581965e-02
   9.69013478e-02 -5.84379701e-02]
 [ 2.11284108e-01  1.67493194e-01  1.90594133e-04  2.91666948e-01
   1.78686178e-01 -2.52644778e-02  2.36925073e-01  2.14234685e-01
   3.05357857e-01 -8.85862734e-02 -3.14337553e-02  2.37189652e-01
   2.24031349e-01  3.95864290e-02  2.71514489e-01  2.20129694e-01
   6.30611309e-02  2.67494651e-01 -1.77357379e-02  2.54428709e-01
   1.91496170e-01  1.28186459e-01  2.61344878e-01  4.94611507e-02
  -8.31107730e-02  2.29797793e-01 -6.68310915e-02  7.69713324e-02
   2.04730877e-01  4.93915588e-02]
 [ 1.09065539e-01  6.52746253e-02 -1.02027975e-01  1.89448379e-01
   7.64676084e-02 -1.27483047e-01  1.34706504e-01  1.12016116e-01
   2.03139288e-01 -1.90804843e-01 -1.33652324e-01  1.34971083e-01
   1.21812780e-01 -6.26321402e-02  1.69295919e-01  1.17911125e-01
  -3.91574383e-02  1.65276082e-01 -1.19954307e-01  1.52210139e-01
   8.92776008e-02  2.59678896e-02  1.59126309e-01 -5.27574185e-02
  -1.85329342e-01  1.27579224e-01 -1.69049661e-01 -2.52472367e-02
   1.02512308e-01 -5.28270104e-02]
 [-2.84718944e-02 -7.22628080e-02 -2.39565408e-01  5.19109455e-02
  -6.10698249e-02 -2.65020480e-01 -2.83092939e-03 -2.55213176e-02
   6.56018543e-02 -3.28342276e-01 -2.71189758e-01 -2.56635021e-03
  -1.57246535e-02 -2.00169574e-01  3.17584861e-02 -1.96263084e-02
  -1.76694872e-01  2.77386483e-02 -2.57491740e-01  1.46727061e-02
  -4.82598325e-02 -1.11569544e-01  2.15888758e-02 -1.90294852e-01
  -3.22866775e-01 -9.95820955e-03 -3.06587094e-01 -1.62784670e-01
  -3.50251258e-02 -1.90364444e-01]
 [ 2.34652560e-01  1.90861646e-01  2.35590459e-02  3.15035400e-01
   2.02054629e-01 -1.89602607e-03  2.60293525e-01  2.37603137e-01
   3.28726308e-01 -6.52178216e-02 -8.06530358e-03  2.60558104e-01
   2.47399801e-01  6.29548807e-02  2.94882940e-01  2.43498146e-01
   8.64295826e-02  2.90863102e-01  5.63271382e-03  2.77797160e-01
   2.14864622e-01  1.51554911e-01  2.84713330e-01  7.28296024e-02
  -5.97423213e-02  2.53166245e-01 -4.34626397e-02  1.00339784e-01
   2.28099328e-01  7.27600105e-02]
 [ 1.09624153e-01  6.58332398e-02 -1.01469361e-01  1.90006993e-01
   7.70262229e-02 -1.26924432e-01  1.35265118e-01  1.12574730e-01
   2.03697902e-01 -1.90246228e-01 -1.33093710e-01  1.35529698e-01
   1.22371394e-01 -6.20735257e-02  1.69854534e-01  1.18469739e-01
  -3.85988238e-02  1.65834696e-01 -1.19395693e-01  1.52768754e-01
   8.98362153e-02  2.65265041e-02  1.59684924e-01 -5.21988040e-02
  -1.84770728e-01  1.28137838e-01 -1.68491046e-01 -2.46886222e-02
   1.03070922e-01 -5.22683959e-02]
 [ 1.40893334e-01  9.71024202e-02 -7.02001802e-02  2.21276174e-01
   1.08295403e-01 -9.56552521e-02  1.66534299e-01  1.43843911e-01
   2.34967082e-01 -1.58977048e-01 -1.01824530e-01  1.66798878e-01
   1.53640575e-01 -3.08043454e-02  2.01123714e-01  1.49738920e-01
  -7.32964343e-03  1.97103876e-01 -8.81265122e-02  1.84037934e-01
   1.21105396e-01  5.77956845e-02  1.90954104e-01 -2.09296237e-02
  -1.53501547e-01  1.59407019e-01 -1.37221866e-01  6.58055811e-03
   1.34340102e-01 -2.09992155e-02]
 [ 6.99947332e-02  2.62038196e-02 -1.41098781e-01  1.50377573e-01
   3.73968027e-02 -1.66553853e-01  9.56356982e-02  7.29453100e-02
   1.64068482e-01 -2.29875648e-01 -1.72723130e-01  9.59002774e-02
   8.27419741e-02 -1.01702946e-01  1.30225114e-01  7.88403193e-02
  -7.82282439e-02  1.26205276e-01 -1.59025113e-01  1.13139334e-01
   5.02067952e-02 -1.31029160e-02  1.20055503e-01 -9.18282242e-02
  -2.24400148e-01  8.85084181e-02 -2.08120466e-01 -6.43180424e-02
   6.34415018e-02 -9.18978161e-02]
 [ 2.27490068e-02 -2.10419068e-02 -1.88344507e-01  1.03131847e-01
  -9.84892367e-03 -2.13799579e-01  4.83899718e-02  2.56995836e-02
   1.16822755e-01 -2.77121375e-01 -2.19968857e-01  4.86545510e-02
   3.54962477e-02 -1.48948672e-01  8.29793873e-02  3.15945928e-02
  -1.25473970e-01  7.89595495e-02 -2.06270839e-01  6.58936073e-02
   2.96106874e-03 -6.03486425e-02  7.28097770e-02 -1.39073951e-01
  -2.71645874e-01  4.12626917e-02 -2.55366193e-01 -1.11563769e-01
   1.61957754e-02 -1.39143542e-01]
 [ 1.99625066e-01  1.55834152e-01 -1.14684483e-02  2.80007906e-01
   1.67027135e-01 -3.69235202e-02  2.25266031e-01  2.02575642e-01
   2.93698814e-01 -1.00245316e-01 -4.30927977e-02  2.25530610e-01
   2.12372307e-01  2.79273865e-02  2.59855446e-01  2.08470652e-01
   5.14020885e-02  2.55835608e-01 -2.93947803e-02  2.42769666e-01
   1.79837128e-01  1.16527416e-01  2.49685836e-01  3.78021082e-02
  -9.47698155e-02  2.18138750e-01 -7.84901339e-02  6.53122900e-02
   1.93071834e-01  3.77325164e-02]
 [ 3.76872574e-02 -6.10365620e-03 -1.73406257e-01  1.18070097e-01
   5.08932690e-03 -1.98861329e-01  6.33282224e-02  4.06378341e-02
   1.31761006e-01 -2.62183124e-01 -2.05030606e-01  6.35928016e-02
   5.04344983e-02 -1.34010422e-01  9.79176379e-02  4.65328434e-02
  -1.10535720e-01  9.38978000e-02 -1.91332589e-01  8.08318578e-02
   1.78993193e-02 -4.54103919e-02  8.77480276e-02 -1.24135700e-01
  -2.56707624e-01  5.62009422e-02 -2.40427942e-01 -9.66255183e-02
   3.11340260e-02 -1.24205292e-01]
 [-1.00026597e-02 -5.37935733e-02 -2.21096174e-01  7.03801802e-02
  -4.26005902e-02 -2.46551246e-01  1.56383053e-02 -7.05208297e-03
   8.40710889e-02 -3.09873041e-01 -2.52720523e-01  1.59028845e-02
   2.74458114e-03 -1.81700339e-01  5.02277208e-02 -1.15707370e-03
  -1.58225637e-01  4.62078829e-02 -2.39022506e-01  3.31419407e-02
  -2.97905978e-02 -9.31003090e-02  4.00581105e-02 -1.71825617e-01
  -3.04397541e-01  8.51102512e-03 -2.88117859e-01 -1.44315435e-01
  -1.65558911e-02 -1.71895209e-01]
 [ 8.94267004e-02  4.56357868e-02 -1.21666814e-01  1.69809540e-01
   5.68287699e-02 -1.47121885e-01  1.15067665e-01  9.23772772e-02
   1.83500449e-01 -2.10443681e-01 -1.53291163e-01  1.15332245e-01
   1.02173941e-01 -8.22709787e-02  1.49657081e-01  9.82722864e-02
  -5.87962768e-02  1.45637243e-01 -1.39593146e-01  1.32571301e-01
   6.96387623e-02  6.32905114e-03  1.39487471e-01 -7.23962570e-02
  -2.04968181e-01  1.07940385e-01 -1.88688499e-01 -4.48860752e-02
   8.28734690e-02 -7.24658489e-02]
 [ 8.06131265e-02  3.68222129e-02 -1.30480387e-01  1.60995966e-01
   4.80151960e-02 -1.55935459e-01  1.06254091e-01  8.35637033e-02
   1.74686875e-01 -2.19257255e-01 -1.62104737e-01  1.06518671e-01
   9.33603674e-02 -9.10845526e-02  1.40843507e-01  8.94587125e-02
  -6.76098507e-02  1.36823669e-01 -1.48406720e-01  1.23757727e-01
   6.08251884e-02 -2.48452278e-03  1.30673897e-01 -8.12098309e-02
  -2.13781755e-01  9.91268113e-02 -1.97502073e-01 -5.36996491e-02
   7.40598951e-02 -8.12794228e-02]]
