[[ 0.18082512 -0.23807558  0.10493719 ... -0.13397959 -0.2990718
  -0.01340412]
 [ 0.11089473  0.08295086 -0.02830034 ... -0.24686565 -0.01579763
   0.09154191]
 [ 0.21516689 -0.06770139 -0.22736041 ...  0.0831969   0.0494508
   0.12040664]
 ...
 [-0.06859734 -0.08109848  0.14542018 ... -0.18048747 -0.26533445
  -0.0602496 ]
 [-0.09854145 -0.14691361  0.14093618 ... -0.21247902 -0.2425502
  -0.18505377]
 [ 0.04769978  0.05280878 -0.03022332 ... -0.25386836 -0.22924371
  -0.08022107]]
[[ 0.11941755  0.31249865  0.07173991 ...  0.20020925  0.01689173
   0.01835995]
 [-0.09330099  0.25023044 -0.13378083 ...  0.03600178 -0.07929125
   0.21612669]
 [ 0.19758209  0.0626271  -0.0677558  ...  0.14382879  0.1098229
   0.061873  ]
 ...
 [-0.09028857  0.07113501 -0.14607023 ... -0.01808599 -0.02390143
  -0.0520907 ]
 [-0.03603936 -0.11882742 -0.1013819  ...  0.00557715  0.17091375
  -0.10242433]
 [-0.003757    0.15211688  0.02935104 ... -0.05911869  0.07122525
  -0.03167832]]
