[[-0.20376263 -0.12088029 -0.1568765  -0.32340126 -0.10920544 -0.36904079
  -0.20323192 -0.17004798 -0.11959828 -0.11516503]]
[[-0.23423873 -0.15733138 -0.17690735 -0.35285641 -0.12368687 -0.3934844
  -0.22659939 -0.19658865 -0.1019984  -0.11468028]]
[[-0.26089287 -0.19558339 -0.19491052 -0.36341958 -0.13030448 -0.42362716
  -0.25624049 -0.20221883 -0.0999091  -0.13745434]]
[[-0.28054362 -0.22880259 -0.21391151 -0.38291024 -0.14260748 -0.44716291
  -0.28310949 -0.20543595 -0.10437556 -0.16336693]]
[[-0.29206427 -0.25478083 -0.23262386 -0.3966124  -0.14839148 -0.4586786
  -0.29965744 -0.20665344 -0.11770103 -0.19339515]]
[[-0.2953833  -0.27481925 -0.24790828 -0.40765323 -0.15221925 -0.469999
  -0.31367612 -0.21466953 -0.13581008 -0.22327104]]
[[-0.2942188  -0.29026301 -0.2601759  -0.41942838 -0.15887263 -0.48001305
  -0.32802044 -0.22670259 -0.1541892  -0.24744659]]
[[-0.29597784 -0.30184994 -0.26984374 -0.43027729 -0.16669002 -0.48956467
  -0.34040994 -0.23989011 -0.17656281 -0.2673519 ]]
[[-0.29830562 -0.31062409 -0.27490613 -0.43891514 -0.17531565 -0.4994428
  -0.35020589 -0.25154601 -0.19181826 -0.28149337]]
[[-0.30254121 -0.31852068 -0.27814587 -0.44482883 -0.18544199 -0.50745638
  -0.35901622 -0.26176935 -0.20298251 -0.29306886]]
[[-0.30722116 -0.32590128 -0.28162386 -0.45025652 -0.1958451  -0.51457329
  -0.36602258 -0.26942768 -0.21240156 -0.30436108]]
[[-0.31153287 -0.33285283 -0.28615704 -0.45485603 -0.20069119 -0.52056612
  -0.37230352 -0.27617372 -0.21890536 -0.30825944]]
[[-0.31509611 -0.3380427  -0.29140706 -0.45964846 -0.20489236 -0.52784717
  -0.37769211 -0.2831685  -0.22182654 -0.31649687]]
[[-0.31953377 -0.34335989 -0.29601484 -0.46360024 -0.21028153 -0.53348943
  -0.3824634  -0.2886213  -0.2245912  -0.32494091]]
[[-0.32322858 -0.34885164 -0.30022089 -0.46720633 -0.21438158 -0.53848852
  -0.38669724 -0.2932653  -0.22898657 -0.33000373]]
[[-0.32659895 -0.35389346 -0.30422788 -0.47008267 -0.21798921 -0.54296956
  -0.39005182 -0.2983513  -0.23257266 -0.33362909]]
[[-0.32973788 -0.35820282 -0.30816013 -0.47287502 -0.2212733  -0.54709776
  -0.39291518 -0.30236284 -0.23584568 -0.33694055]]
[[-0.33260556 -0.36212658 -0.31262884 -0.47583793 -0.22432205 -0.54966271
  -0.3953346  -0.30569633 -0.23893082 -0.34019265]]
[[-0.33479797 -0.3666805  -0.31500818 -0.47820757 -0.22727363 -0.55355978
  -0.39802094 -0.30996236 -0.24188852 -0.34314533]]
[[-0.33682301 -0.37042452 -0.31774344 -0.48058645 -0.23000042 -0.55704083
  -0.40037832 -0.31366529 -0.24389649 -0.34542675]]
[[-0.33877229 -0.37381875 -0.32037888 -0.48278265 -0.23250263 -0.56031107
  -0.40248661 -0.31691481 -0.2456861  -0.34750227]]
[[-0.34063891 -0.37696669 -0.32280751 -0.48483217 -0.23481035 -0.56332313
  -0.40440378 -0.31984822 -0.24732535 -0.3494271 ]]
[[-0.34242229 -0.37990278 -0.32503088 -0.48675214 -0.23695554 -0.56609209
  -0.40616939 -0.32253643 -0.24884265 -0.35122097]]
[[-0.3441246  -0.38265093 -0.32707045 -0.48855491 -0.23896313 -0.5686452
  -0.40781023 -0.32502083 -0.25025725 -0.35289855]]
[[-0.34574911 -0.38523096 -0.32894947 -0.49025116 -0.24085229 -0.57100993
  -0.40934563 -0.32733037 -0.25158341 -0.35447296]]
[[-0.3472995  -0.38765995 -0.33068892 -0.49185061 -0.242638   -0.57321059
  -0.41079033 -0.32948889 -0.25283209 -0.35595605]]
[[-0.34877969 -0.38995276 -0.33230685 -0.49336215 -0.24433219 -0.57526784
  -0.412156   -0.33151712 -0.25401195 -0.35735824]]
[[-0.35019366 -0.39212245 -0.33381857 -0.49479377 -0.24594456 -0.57719896
  -0.41345205 -0.33343285 -0.25512996 -0.35868842]]
[[-0.35154539 -0.39418044 -0.335237   -0.49615251 -0.24748315 -0.57901838
  -0.41468622 -0.33525079 -0.2561917  -0.35995399]]
[[-0.35283873 -0.39613684 -0.33657314 -0.49744456 -0.24895469 -0.5807382
  -0.41586494 -0.3369828  -0.25720165 -0.3611611 ]]
[[-0.35407735 -0.39800051 -0.33783638 -0.49867536 -0.25036491 -0.5823686
  -0.41699362 -0.33863816 -0.25816324 -0.36231488]]
[[-0.35526467 -0.39977922 -0.33903484 -0.49984969 -0.25171875 -0.58391821
  -0.41807693 -0.34022402 -0.25907883 -0.36341963]]
[[-0.35640384 -0.40147969 -0.3401756  -0.50097176 -0.25302047 -0.58539446
  -0.41911893 -0.34174578 -0.25994955 -0.36447888]]
[[-0.35749774 -0.40310763 -0.34126495 -0.50204534 -0.25427384 -0.58680374
  -0.42012326 -0.34320741 -0.26077486 -0.36549548]]
[[-0.35854893 -0.40466762 -0.34230861 -0.50307379 -0.25548215 -0.5881517
  -0.4210933  -0.3446117  -0.26155153 -0.36647144]]
[[-0.35955966 -0.40616291 -0.34331203 -0.50406013 -0.25664837 -0.58944336
  -0.42203238 -0.34596037 -0.26227128 -0.36740763]]
[[-0.36053176 -0.40759475 -0.34428082 -0.50500705 -0.25777514 -0.59068331
  -0.42294419 -0.34725379 -0.26291463 -0.36830304]]
[[-0.36146648 -0.40896069 -0.34522158 -0.50591688 -0.25886492 -0.5918759
  -0.42383368 -0.34848999 -0.26343207 -0.36915258]]
[[-0.36236426 -0.41024935 -0.34614371 -0.50679172 -0.25992007 -0.59302581
  -0.42471012 -0.34966163 -0.26367125 -0.36993949]]
[[-0.36322645 -0.41142213 -0.34706175 -0.50763467 -0.26094253 -0.59414264
  -0.42560069 -0.35074726 -0.26301525 -0.37059534]]
[[-0.36409298 -0.41239118 -0.34800932 -0.50847539 -0.26189243 -0.59536351
  -0.42661083 -0.35174718 -0.26062316 -0.37083502]]
[[-0.36472018 -0.41289911 -0.34871128 -0.50934375 -0.26280121 -0.59693743
  -0.42740369 -0.35273465 -0.25977152 -0.371364  ]]
[[-0.36549517 -0.41391894 -0.34967352 -0.51018747 -0.26377778 -0.59813304
  -0.42815087 -0.35365849 -0.26155784 -0.37213768]]
[[-0.36634641 -0.41519257 -0.3506985  -0.51099463 -0.26474996 -0.59915961
  -0.42888182 -0.3546378  -0.26291392 -0.37298391]]
[[-0.36720271 -0.41651263 -0.35167613 -0.51175421 -0.26570439 -0.60009171
  -0.42960657 -0.35562901 -0.2640083  -0.3738387 ]]
[[-0.36803989 -0.41780744 -0.35258925 -0.51246992 -0.26663196 -0.60096499
  -0.43032357 -0.35660827 -0.26494069 -0.37467915]]
[[-0.36885022 -0.41905686 -0.35344229 -0.5131468  -0.2675284  -0.60179758
  -0.43102956 -0.35756529 -0.26577038 -0.37549741]]
[[-0.36963231 -0.4202585  -0.35424455 -0.51378864 -0.26839273 -0.602599
  -0.43172205 -0.35849611 -0.26653085 -0.37629148]]
[[-0.37038712 -0.42141575 -0.35500529 -0.51439769 -0.26922576 -0.60337433
  -0.43239965 -0.35939949 -0.26724162 -0.37706147]]
[[-0.3711164  -0.42253357 -0.35573235 -0.51497452 -0.27002902 -0.60412621
  -0.43306196 -0.36027516 -0.26791469 -0.37780819]]
[[-0.37182204 -0.42361723 -0.35643216 -0.5155179  -0.27080428 -0.60485593
  -0.4337093  -0.36112308 -0.26855797 -0.37853243]]
[[-0.3725058  -0.42467211 -0.35710994 -0.51602414 -0.27155318 -0.60556384
  -0.43434259 -0.3619429  -0.26917712 -0.37923463]]
[[-0.3731693  -0.42570404 -0.35777006 -0.51648561 -0.27227709 -0.60624964
  -0.43496343 -0.3627335  -0.26977675 -0.3799144 ]]
[[-0.37381397 -0.42672026 -0.35841633 -0.51688732 -0.27297708 -0.60691229
  -0.43557444 -0.36349216 -0.2703614  -0.38056987]]
[[-0.37444117 -0.42773182 -0.35905232 -0.51719797 -0.27365381 -0.60754979
  -0.43618029 -0.36421271 -0.27093685 -0.38119583]]
[[-0.37505238 -0.42876112 -0.35968192 -0.51734224 -0.27430749 -0.60815811
  -0.43679083 -0.3648802  -0.27151322 -0.38177813]]
[[-0.37565015 -0.42987436 -0.36031157 -0.51708978 -0.27493779 -0.60872806
  -0.43743234 -0.36544923 -0.27211486 -0.3822692 ]]
[[-0.37624346 -0.43138909 -0.36096818 -0.51552503 -0.27554285 -0.60923064
  -0.43819562 -0.365704   -0.27281702 -0.38241502]]
[[-0.37685828 -0.43332759 -0.36173638 -0.51080985 -0.27606264 -0.60959748
  -0.43908878 -0.36511241 -0.27354023 -0.38193686]]
[[-0.3774135  -0.43386792 -0.36244541 -0.50872824 -0.27654832 -0.61001358
  -0.43973622 -0.36542203 -0.27421436 -0.38233144]]
[[-0.37793708 -0.43437153 -0.36314158 -0.50912695 -0.27702845 -0.61050707
  -0.44027206 -0.36606943 -0.2748462  -0.38292894]]
[[-0.37844362 -0.43501153 -0.36378167 -0.5100645  -0.277517   -0.61104783
  -0.44075418 -0.36685706 -0.27544665 -0.38359543]]
[[-0.37894181 -0.43573037 -0.36436868 -0.51114405 -0.27801758 -0.61161603
  -0.44120952 -0.36769708 -0.27601726 -0.38427839]]
[[-0.37943547 -0.43648287 -0.36491261 -0.51227128 -0.27852908 -0.61219888
  -0.44165163 -0.36855091 -0.27656035 -0.38495469]]
[[-0.37992576 -0.43724312 -0.36542309 -0.51341862 -0.27904885 -0.61278802
  -0.44208736 -0.36940145 -0.27707905 -0.38561437]]
[[-0.38041261 -0.43799684 -0.36590792 -0.51457443 -0.27957397 -0.61337796
  -0.44251998 -0.37024145 -0.27757648 -0.38625389]]
[[-0.38089549 -0.4387363  -0.36637301 -0.515732   -0.28010177 -0.6139651
  -0.4429509  -0.37106827 -0.2780554  -0.38687278]]
[[-0.38137376 -0.4394575  -0.36682272 -0.5168871  -0.28063002 -0.61454708
  -0.44338051 -0.37188137 -0.27851807 -0.38747204]]
[[-0.3818469  -0.44015863 -0.36726016 -0.51803698 -0.28115692 -0.6151224
  -0.44380866 -0.37268099 -0.27896631 -0.38805318]]
[[-0.38231449 -0.44083919 -0.36768751 -0.51917966 -0.28168111 -0.61569013
  -0.44423493 -0.37346747 -0.27940154 -0.38861778]]
[[-0.38277624 -0.44149948 -0.36810628 -0.52031332 -0.28220162 -0.61624975
  -0.44465878 -0.37424086 -0.27982489 -0.38916735]]
[[-0.38323197 -0.44214029 -0.36851747 -0.5214359  -0.28271777 -0.61680105
  -0.44507957 -0.37500069 -0.28023722 -0.38970316]]
[[-0.38368158 -0.44276273 -0.36892177 -0.52254482 -0.28322918 -0.61734397
  -0.44549663 -0.375746   -0.28063922 -0.39022628]]
[[-0.38412504 -0.44336805 -0.36931963 -0.52363692 -0.28373561 -0.61787862
  -0.44590933 -0.3764754  -0.28103143 -0.39073757]]
[[-0.38456236 -0.44395758 -0.36971134 -0.52470869 -0.28423701 -0.61840516
  -0.44631705 -0.37718727 -0.28141429 -0.39123775]]
[[-0.38499359 -0.44453263 -0.37009714 -0.52575656 -0.28473336 -0.6189238
  -0.44671925 -0.37788    -0.2817882  -0.39172737]]
[[-0.38541881 -0.44509444 -0.37047718 -0.52677731 -0.2852247  -0.61943479
  -0.44711549 -0.37855223 -0.28215349 -0.3922069 ]]
[[-0.38583811 -0.4456441  -0.37085161 -0.52776837 -0.28571107 -0.61993836
  -0.44750545 -0.37920297 -0.28251051 -0.39267674]]
[[-0.3862516  -0.44618258 -0.37122056 -0.528728   -0.28619249 -0.62043471
  -0.44788894 -0.37983173 -0.28285959 -0.39313728]]
[[-0.38665939 -0.44671071 -0.37158417 -0.52965535 -0.28666897 -0.62092405
  -0.44826586 -0.38043849 -0.28320106 -0.39358884]]
[[-0.38706162 -0.44722919 -0.37194256 -0.53055033 -0.28714049 -0.62140655
  -0.44863621 -0.38102361 -0.28353529 -0.39403176]]
[[-0.3874584  -0.44773862 -0.37229585 -0.53141352 -0.28760703 -0.62188239
  -0.44900008 -0.3815878  -0.28386261 -0.39446638]]
[[-0.38784988 -0.44823951 -0.37264418 -0.53224592 -0.28806853 -0.6223517
  -0.44935759 -0.38213196 -0.28418337 -0.394893  ]]
[[-0.38823618 -0.44873229 -0.37298766 -0.53304891 -0.28852498 -0.62281462
  -0.44970893 -0.38265711 -0.2844979  -0.39531194]]
[[-0.38861743 -0.44921734 -0.37332641 -0.53382399 -0.28897634 -0.62327128
  -0.4500543  -0.38316437 -0.28480651 -0.3957235 ]]
[[-0.38899376 -0.44969502 -0.37366055 -0.5345728  -0.28942259 -0.62372181
  -0.45039389 -0.38365483 -0.28510951 -0.39612798]]
[[-0.3893653  -0.45016564 -0.37399017 -0.53529697 -0.28986373 -0.62416633
  -0.45072794 -0.38412957 -0.28540717 -0.39652566]]
[[-0.38973216 -0.45062948 -0.37431538 -0.5359981  -0.29029975 -0.62460496
  -0.45105665 -0.38458959 -0.28569975 -0.39691682]]
[[-0.39009447 -0.45108681 -0.37463628 -0.53667773 -0.29073069 -0.62503782
  -0.45138024 -0.38503587 -0.28598751 -0.3973017 ]]
[[-0.39045233 -0.45153788 -0.37495297 -0.5373373  -0.29115657 -0.62546503
  -0.45169891 -0.38546928 -0.28627066 -0.39768056]]
[[-0.39080587 -0.4519829  -0.37526552 -0.53797815 -0.29157743 -0.6258867
  -0.45201284 -0.38589064 -0.2865494  -0.39805363]]
[[-0.39115519 -0.4524221  -0.37557403 -0.53860154 -0.29199333 -0.62630297
  -0.45232223 -0.3863007  -0.28682393 -0.39842112]]
[[-0.39150039 -0.45285569 -0.37587858 -0.53920861 -0.29240433 -0.62671394
  -0.45262724 -0.38670013 -0.28709443 -0.39878324]]
[[-0.39184158 -0.45328384 -0.37617925 -0.5398004  -0.29281049 -0.62711973
  -0.45292805 -0.38708956 -0.28736104 -0.3991402 ]]
[[-0.39217885 -0.45370674 -0.37647612 -0.54037785 -0.2932119  -0.62752046
  -0.4532248  -0.38746956 -0.28762393 -0.39949216]]
[[-0.39251228 -0.45412456 -0.37676928 -0.54094182 -0.29360864 -0.62791625
  -0.45351763 -0.38784065 -0.28788322 -0.39983932]]
[[-0.39284198 -0.45453745 -0.3770588  -0.54149308 -0.29400077 -0.6283072
  -0.45380669 -0.38820329 -0.28813906 -0.40018183]]
[[-0.39316802 -0.45494557 -0.37734475 -0.54203231 -0.29438839 -0.62869344
  -0.4540921  -0.38855793 -0.28839154 -0.40051985]]
[[-0.39349048 -0.45534906 -0.37762722 -0.54256012 -0.29477157 -0.62907507
  -0.45437399 -0.38890496 -0.2886408  -0.40085353]]
[[-0.39380945 -0.45574804 -0.37790629 -0.54307705 -0.29515042 -0.6294522
  -0.45465246 -0.38924475 -0.28888694 -0.401183  ]]
[[-0.39412499 -0.45614265 -0.37818201 -0.54358358 -0.295525   -0.62982492
  -0.45492763 -0.38957766 -0.28913004 -0.40150842]]
[[-0.39443717 -0.45653301 -0.37845448 -0.54408014 -0.29589541 -0.63019335
  -0.45519959 -0.38990399 -0.28937022 -0.40182989]]
[[-0.39474607 -0.45691922 -0.37872376 -0.54456709 -0.29626172 -0.63055758
  -0.45546846 -0.39022404 -0.28960755 -0.40214754]]
[[-0.39505175 -0.4573014  -0.37898993 -0.54504477 -0.29662403 -0.63091771
  -0.45573431 -0.39053809 -0.28984212 -0.40246148]]
[[-0.39535426 -0.45767964 -0.37925306 -0.54551347 -0.2969824  -0.63127383
  -0.45599725 -0.3908464  -0.29007401 -0.40277183]]
[[-0.39565368 -0.45805404 -0.37951322 -0.54597343 -0.29733691 -0.63162603
  -0.45625735 -0.39114921 -0.29030331 -0.40307868]]
[[-0.39595006 -0.45842469 -0.37977047 -0.54642489 -0.29768765 -0.6319744
  -0.45651469 -0.39144675 -0.29053007 -0.40338214]]
[[-0.39624345 -0.45879167 -0.3800249  -0.54686806 -0.29803469 -0.63231902
  -0.45676936 -0.39173925 -0.29075438 -0.40368229]]
[[-0.39653392 -0.45915507 -0.38027656 -0.54730313 -0.2983781  -0.63265997
  -0.45702143 -0.39202691 -0.29097629 -0.40397922]]
[[-0.39682151 -0.45951496 -0.38052552 -0.54773026 -0.29871795 -0.63299734
  -0.45727096 -0.39230992 -0.29119588 -0.40427302]]
[[-0.39710627 -0.45987142 -0.38077184 -0.54814962 -0.2990543  -0.6333312
  -0.45751804 -0.39258846 -0.2914132  -0.40456376]]
[[-0.39738827 -0.4602245  -0.38101559 -0.54856136 -0.29938723 -0.63366162
  -0.45776271 -0.39286272 -0.29162832 -0.40485153]]
[[-0.39766755 -0.46057429 -0.38125681 -0.54896563 -0.2997168  -0.63398867
  -0.45800506 -0.39313286 -0.29184129 -0.4051364 ]]
[[-0.39794415 -0.46092083 -0.38149558 -0.54936258 -0.30004308 -0.63431242
  -0.45824513 -0.39339903 -0.29205217 -0.40541843]]
[[-0.39821813 -0.4612642  -0.38173195 -0.54975235 -0.30036611 -0.63463295
  -0.45848298 -0.39366139 -0.292261   -0.40569769]]
[[-0.39848954 -0.46160444 -0.38196596 -0.55013508 -0.30068598 -0.63495031
  -0.45871867 -0.39392008 -0.29246783 -0.40597424]]
[[-0.39875842 -0.46194162 -0.38219767 -0.55051092 -0.30100272 -0.63526457
  -0.45895225 -0.39417523 -0.29267273 -0.40624815]]
[[-0.39902481 -0.46227578 -0.38242713 -0.55088    -0.30131641 -0.63557578
  -0.45918378 -0.39442697 -0.29287572 -0.40651946]]
[[-0.39928877 -0.46260697 -0.38265438 -0.55124247 -0.30162709 -0.63588401
  -0.45941329 -0.39467543 -0.29307686 -0.40678825]]
[[-0.39955033 -0.46293525 -0.38287948 -0.55159848 -0.30193482 -0.63618931
  -0.45964084 -0.39492072 -0.29327618 -0.40705455]]
[[-0.39980955 -0.46326067 -0.38310246 -0.55194817 -0.30223965 -0.63649174
  -0.45986647 -0.39516294 -0.29347373 -0.40731843]]
[[-0.40006646 -0.46358326 -0.38332337 -0.55229169 -0.30254164 -0.63679136
  -0.46009023 -0.3954022  -0.29366954 -0.40757992]]
[[-0.40032111 -0.46390307 -0.38354224 -0.55262917 -0.30284083 -0.6370882
  -0.46031215 -0.39563861 -0.29386366 -0.40783908]]
[[-0.40057353 -0.46422015 -0.38375912 -0.55296078 -0.30313728 -0.63738233
  -0.46053226 -0.39587224 -0.29405612 -0.40809595]]
[[-0.40082377 -0.46453454 -0.38397404 -0.55328664 -0.30343103 -0.63767379
  -0.46075062 -0.3961032  -0.29424695 -0.40835058]]
[[-0.40107187 -0.46484628 -0.38418703 -0.55360692 -0.30372213 -0.63796263
  -0.46096725 -0.39633157 -0.29443618 -0.408603  ]]
[[-0.40131786 -0.46515542 -0.38439813 -0.55392174 -0.30401062 -0.6382489
  -0.46118219 -0.39655742 -0.29462386 -0.40885327]]
[[-0.40156179 -0.46546198 -0.38460738 -0.55423126 -0.30429655 -0.63853264
  -0.46139547 -0.39678083 -0.29481    -0.40910141]]
[[-0.40180368 -0.46576602 -0.3848148  -0.55453561 -0.30457997 -0.63881389
  -0.46160712 -0.39700187 -0.29499464 -0.40934747]]
[[-0.40204359 -0.46606757 -0.38502043 -0.55483493 -0.30486091 -0.63909271
  -0.46181718 -0.39722061 -0.2951778  -0.40959149]]
[[-0.40228153 -0.46636666 -0.38522429 -0.55512934 -0.30513943 -0.63936912
  -0.46202567 -0.39743713 -0.29535952 -0.4098335 ]]
[[-0.40251756 -0.46666334 -0.38542641 -0.555419   -0.30541555 -0.63964318
  -0.46223261 -0.39765146 -0.29553982 -0.41007353]]
[[-0.40275169 -0.46695764 -0.38562682 -0.55570402 -0.30568932 -0.63991492
  -0.46243804 -0.39786369 -0.29571872 -0.41031162]]
[[-0.40298397 -0.46724959 -0.38582554 -0.55598453 -0.30596079 -0.64018437
  -0.46264199 -0.39807386 -0.29589626 -0.41054781]]
[[-0.40321442 -0.46753924 -0.38602261 -0.55626066 -0.30622998 -0.64045158
  -0.46284447 -0.39828202 -0.29607244 -0.41078212]]
[[-0.40344308 -0.46782661 -0.38621805 -0.55653252 -0.30649694 -0.64071659
  -0.46304551 -0.39848824 -0.29624731 -0.41101459]]
[[-0.40366997 -0.46811174 -0.38641188 -0.55680023 -0.3067617  -0.64097943
  -0.46324513 -0.39869255 -0.29642087 -0.41124525]]
[[-0.40389513 -0.46839467 -0.38660412 -0.5570639  -0.30702429 -0.64124014
  -0.46344336 -0.398895   -0.29659315 -0.41147412]]
[[-0.40411859 -0.46867541 -0.38679479 -0.55732365 -0.30728476 -0.64149874
  -0.46364023 -0.39909564 -0.29676417 -0.41170124]]
[[-0.40434037 -0.46895402 -0.38698393 -0.55757959 -0.30754314 -0.64175528
  -0.46383573 -0.39929451 -0.29693395 -0.41192664]]
[[-0.4045605  -0.46923051 -0.38717155 -0.55783181 -0.30779946 -0.64200978
  -0.46402991 -0.39949165 -0.29710252 -0.41215033]]
[[-0.40477901 -0.46950492 -0.38735767 -0.55808042 -0.30805376 -0.64226228
  -0.46422278 -0.3996871  -0.29726988 -0.41237236]]
[[-0.40499593 -0.46977729 -0.38754232 -0.55832551 -0.30830605 -0.64251282
  -0.46441436 -0.3998809  -0.29743606 -0.41259274]]
[[-0.40521127 -0.47004763 -0.3877255  -0.55856718 -0.30855639 -0.64276141
  -0.46460467 -0.40007308 -0.29760108 -0.4128115 ]]
[[-0.40542507 -0.47031597 -0.38790725 -0.55880552 -0.30880479 -0.64300809
  -0.46479372 -0.40026369 -0.29776495 -0.41302867]]
[[-0.40563734 -0.47058236 -0.38808759 -0.55904061 -0.30905129 -0.6432529
  -0.46498153 -0.40045274 -0.29792768 -0.41324427]]
[[-0.40584812 -0.47084681 -0.38826652 -0.55927255 -0.30929592 -0.64349585
  -0.46516813 -0.40064028 -0.29808931 -0.41345833]]
[[-0.40605742 -0.47110935 -0.38844407 -0.55950142 -0.30953871 -0.64373698
  -0.46535352 -0.40082633 -0.29824983 -0.41367086]]
[[-0.40626528 -0.47137001 -0.38862026 -0.55972729 -0.30977968 -0.64397631
  -0.46553772 -0.40101093 -0.29840928 -0.41388189]]
[[-0.40647169 -0.47162881 -0.38879511 -0.55995024 -0.31001886 -0.64421387
  -0.46572076 -0.4011941  -0.29856765 -0.41409144]]
[[-0.40667671 -0.47188579 -0.38896863 -0.56017035 -0.31025627 -0.64444969
  -0.46590264 -0.40137588 -0.29872497 -0.41429954]]
[[-0.40688033 -0.47214096 -0.38914083 -0.56038769 -0.31049195 -0.64468379
  -0.46608338 -0.40155628 -0.29888125 -0.4145062 ]]
[[-0.40708258 -0.47239436 -0.38931175 -0.56060233 -0.31072593 -0.6449162
  -0.466263   -0.40173534 -0.29903651 -0.41471145]]
[[-0.40728349 -0.472646   -0.38948138 -0.56081433 -0.31095821 -0.64514694
  -0.4664415  -0.40191308 -0.29919076 -0.41491531]]
[[-0.40748306 -0.47289591 -0.38964976 -0.56102377 -0.31118884 -0.64537604
  -0.46661891 -0.40208952 -0.299344   -0.41511779]]
[[-0.40768133 -0.47314411 -0.38981689 -0.56123069 -0.31141783 -0.64560352
  -0.46679523 -0.40226469 -0.29949626 -0.41531891]]
[[-0.40787831 -0.47339063 -0.38998278 -0.56143518 -0.31164521 -0.6458294
  -0.46697049 -0.40243861 -0.29964755 -0.41551871]]
[[-0.40807401 -0.47363549 -0.39014747 -0.56163727 -0.311871   -0.6460537
  -0.46714469 -0.4026113  -0.29979788 -0.41571718]]
[[-0.40826846 -0.47387871 -0.39031095 -0.56183704 -0.31209522 -0.64627645
  -0.46731784 -0.40278278 -0.29994726 -0.41591436]]
[[-0.40846167 -0.47412031 -0.39047324 -0.56203453 -0.31231789 -0.64649767
  -0.46748997 -0.40295309 -0.3000957  -0.41611025]]
[[-0.40865366 -0.47436032 -0.39063437 -0.56222979 -0.31253905 -0.64671739
  -0.46766108 -0.40312222 -0.30024321 -0.41630488]]
[[-0.40884444 -0.47459875 -0.39079433 -0.56242289 -0.3127587  -0.64693561
  -0.46783118 -0.40329021 -0.30038981 -0.41649826]]
[[-0.40903404 -0.47483563 -0.39095315 -0.56261386 -0.31297687 -0.64715236
  -0.46800029 -0.40345708 -0.3005355  -0.41669042]]
[[-0.40922246 -0.47507097 -0.39111085 -0.56280277 -0.31319358 -0.64736766
  -0.46816841 -0.40362283 -0.30068031 -0.41688136]]
[[-0.40940973 -0.4753048  -0.39126742 -0.56298964 -0.31340885 -0.64758153
  -0.46833556 -0.4037875  -0.30082422 -0.4170711 ]]
[[-0.40959586 -0.47553714 -0.39142289 -0.56317454 -0.3136227  -0.647794
  -0.46850176 -0.40395109 -0.30096727 -0.41725966]]
[[-0.40978085 -0.47576799 -0.39157727 -0.56335749 -0.31383515 -0.64800507
  -0.468667   -0.40411363 -0.30110945 -0.41744705]]
[[-0.40996474 -0.47599739 -0.39173057 -0.56353855 -0.31404621 -0.64821476
  -0.46883131 -0.40427513 -0.30125078 -0.41763329]]
[[-0.41014753 -0.47622535 -0.39188281 -0.56371776 -0.31425591 -0.6484231
  -0.46899469 -0.40443561 -0.30139127 -0.41781839]]
[[-0.41032923 -0.47645188 -0.39203399 -0.56389515 -0.31446426 -0.6486301
  -0.46915715 -0.40459508 -0.30153092 -0.41800237]]
[[-0.41050987 -0.47667701 -0.39218413 -0.56407076 -0.31467128 -0.64883578
  -0.46931871 -0.40475356 -0.30166975 -0.41818524]]
[[-0.41068945 -0.47690076 -0.39233324 -0.56424463 -0.31487699 -0.64904016
  -0.46947937 -0.40491106 -0.30180776 -0.41836702]]
[[-0.41086798 -0.47712313 -0.39248134 -0.56441681 -0.31508141 -0.64924325
  -0.46963914 -0.4050676  -0.30194497 -0.41854771]]
[[-0.41104548 -0.47734415 -0.39262842 -0.56458731 -0.31528455 -0.64944506
  -0.46979803 -0.40522319 -0.30208137 -0.41872733]]
[[-0.41122197 -0.47756383 -0.39277451 -0.56475617 -0.31548643 -0.64964562
  -0.46995606 -0.40537785 -0.30221699 -0.4189059 ]]
[[-0.41139745 -0.47778219 -0.39291962 -0.56492344 -0.31568706 -0.64984494
  -0.47011323 -0.40553159 -0.30235182 -0.41908343]]
[[-0.41157194 -0.47799924 -0.39306376 -0.56508913 -0.31588646 -0.65004304
  -0.47026954 -0.40568442 -0.30248588 -0.41925993]]
[[-0.41174544 -0.478215   -0.39320693 -0.56525329 -0.31608465 -0.65023992
  -0.47042502 -0.40583636 -0.30261918 -0.4194354 ]]
[[-0.41191798 -0.47842949 -0.39334915 -0.56541594 -0.31628164 -0.65043561
  -0.47057967 -0.40598741 -0.30275171 -0.41960988]]
[[-0.41208955 -0.47864271 -0.39349043 -0.56557711 -0.31647744 -0.65063011
  -0.47073349 -0.4061376  -0.3028835  -0.41978335]]
[[-0.41226018 -0.47885469 -0.39363078 -0.56573683 -0.31667208 -0.65082345
  -0.4708865  -0.40628693 -0.30301454 -0.41995585]]
[[-0.41242988 -0.47906543 -0.39377021 -0.56589512 -0.31686556 -0.65101564
  -0.4710387  -0.40643541 -0.30314485 -0.42012737]]
[[-0.41259865 -0.47927496 -0.39390873 -0.56605202 -0.3170579  -0.65120669
  -0.47119011 -0.40658306 -0.30327444 -0.42029793]]
[[-0.4127665  -0.47948327 -0.39404635 -0.56620755 -0.31724911 -0.65139661
  -0.47134072 -0.40672989 -0.3034033  -0.42046755]]
[[-0.41293345 -0.4796904  -0.39418308 -0.56636173 -0.31743922 -0.65158542
  -0.47149056 -0.4068759  -0.30353145 -0.42063622]]
[[-0.41309951 -0.47989635 -0.39431893 -0.56651459 -0.31762822 -0.65177312
  -0.47163962 -0.40702112 -0.30365889 -0.42080397]]
[[-0.41326469 -0.48010113 -0.39445391 -0.56666615 -0.31781613 -0.65195974
  -0.47178791 -0.40716554 -0.30378563 -0.4209708 ]]
[[-0.41342899 -0.48030476 -0.39458803 -0.56681645 -0.31800297 -0.65214529
  -0.47193545 -0.40730918 -0.30391168 -0.42113672]]
[[-0.41359242 -0.48050725 -0.39472129 -0.56696549 -0.31818875 -0.65232977
  -0.47208224 -0.40745205 -0.30403704 -0.42130174]]
[[-0.41375501 -0.48070861 -0.39485371 -0.5671133  -0.31837348 -0.6525132
  -0.47222828 -0.40759417 -0.30416173 -0.42146587]]
[[-0.41391675 -0.48090886 -0.3949853  -0.5672599  -0.31855717 -0.65269559
  -0.47237358 -0.40773553 -0.30428574 -0.42162913]]
[[-0.41407765 -0.481108   -0.39511605 -0.56740532 -0.31873984 -0.65287695
  -0.47251816 -0.40787615 -0.30440908 -0.42179152]]
[[-0.41423773 -0.48130604 -0.395246   -0.56754958 -0.3189215  -0.65305729
  -0.47266201 -0.40801603 -0.30453177 -0.42195304]]
[[-0.41439699 -0.48150301 -0.39537513 -0.56769269 -0.31910215 -0.65323663
  -0.47280515 -0.4081552  -0.3046538  -0.42211372]]
[[-0.41455544 -0.4816989  -0.39550347 -0.56783467 -0.31928182 -0.65341497
  -0.47294759 -0.40829365 -0.30477518 -0.42227355]]
[[-0.41471309 -0.48189374 -0.39563101 -0.56797554 -0.31946051 -0.65359233
  -0.47308932 -0.40843139 -0.30489591 -0.42243255]]
[[-0.41486995 -0.48208752 -0.39575778 -0.56811532 -0.31963823 -0.65376872
  -0.47323035 -0.40856844 -0.30501601 -0.42259073]]
[[-0.41502603 -0.48228027 -0.39588376 -0.56825404 -0.31981499 -0.65394414
  -0.4733707  -0.4087048  -0.30513549 -0.42274809]]
[[-0.41518133 -0.48247199 -0.39600898 -0.56839169 -0.31999081 -0.65411861
  -0.47351037 -0.40884048 -0.30525433 -0.42290464]]
[[-0.41533586 -0.4826627  -0.39613345 -0.56852832 -0.3201657  -0.65429214
  -0.47364936 -0.40897548 -0.30537256 -0.4230604 ]]
[[-0.41548964 -0.48285239 -0.39625716 -0.56866392 -0.32033966 -0.65446473
  -0.47378768 -0.40910982 -0.30549017 -0.42321536]]
[[-0.41564267 -0.48304109 -0.39638013 -0.56879851 -0.3205127  -0.6546364
  -0.47392533 -0.40924351 -0.30560717 -0.42336954]]
[[-0.41579495 -0.48322881 -0.39650237 -0.56893212 -0.32068484 -0.65480716
  -0.47406233 -0.40937654 -0.30572357 -0.42352294]]
[[-0.4159465  -0.48341554 -0.39662388 -0.56906476 -0.32085609 -0.65497701
  -0.47419868 -0.40950893 -0.30583937 -0.42367557]]
[[-0.41609732 -0.48360131 -0.39674467 -0.56919644 -0.32102645 -0.65514597
  -0.47433439 -0.40964069 -0.30595458 -0.42382744]]
[[-0.41624742 -0.48378611 -0.39686474 -0.56932717 -0.32119594 -0.65531404
  -0.47446945 -0.40977182 -0.30606921 -0.42397856]]
[[-0.4163968  -0.48396997 -0.39698412 -0.56945698 -0.32136456 -0.65548123
  -0.47460388 -0.40990233 -0.30618325 -0.42412894]]
[[-0.41654548 -0.48415288 -0.39710279 -0.56958587 -0.32153232 -0.65564755
  -0.47473769 -0.41003222 -0.30629671 -0.42427857]]
[[-0.41669346 -0.48433486 -0.39722078 -0.56971386 -0.32169924 -0.65581301
  -0.47487087 -0.41016151 -0.3064096  -0.42442748]]
[[-0.41684074 -0.48451592 -0.39733808 -0.56984096 -0.32186532 -0.65597762
  -0.47500343 -0.41029019 -0.30652192 -0.42457566]]
[[-0.41698734 -0.48469607 -0.39745471 -0.56996719 -0.32203057 -0.65614139
  -0.47513538 -0.41041828 -0.30663368 -0.42472312]]
[[-0.41713327 -0.4848753  -0.39757067 -0.57009256 -0.322195   -0.65630432
  -0.47526673 -0.41054579 -0.30674489 -0.42486987]]
[[-0.41727851 -0.48505364 -0.39768597 -0.57021708 -0.32235861 -0.65646642
  -0.47539748 -0.41067271 -0.30685554 -0.42501592]]
[[-0.4174231  -0.48523109 -0.39780061 -0.57034076 -0.32252142 -0.65662771
  -0.47552763 -0.41079906 -0.30696564 -0.42516126]]
[[-0.41756702 -0.48540765 -0.39791461 -0.57046362 -0.32268344 -0.65678818
  -0.47565718 -0.41092483 -0.3070752  -0.42530592]]
[[-0.41771029 -0.48558334 -0.39802796 -0.57058566 -0.32284467 -0.65694785
  -0.47578616 -0.41105004 -0.30718422 -0.42544989]]
[[-0.41785291 -0.48575817 -0.39814068 -0.5707069  -0.32300511 -0.65710673
  -0.47591455 -0.4111747  -0.3072927  -0.42559318]]
[[-0.41799489 -0.48593213 -0.39825277 -0.57082735 -0.32316479 -0.65726481
  -0.47604237 -0.4112988  -0.30740066 -0.4257358 ]]
[[-0.41813623 -0.48610525 -0.39836424 -0.57094702 -0.32332371 -0.65742212
  -0.47616961 -0.41142236 -0.30750809 -0.42587776]]
[[-0.41827695 -0.48627752 -0.39847509 -0.57106592 -0.32348186 -0.65757865
  -0.47629629 -0.41154537 -0.307615   -0.42601905]]
[[-0.41841704 -0.48644895 -0.39858534 -0.57118407 -0.32363927 -0.65773441
  -0.47642241 -0.41166785 -0.30772139 -0.42615969]]
[[-0.41855651 -0.48661955 -0.39869498 -0.57130147 -0.32379594 -0.65788941
  -0.47654797 -0.4117898  -0.30782727 -0.42629968]]
[[-0.41869537 -0.48678933 -0.39880403 -0.57141812 -0.32395188 -0.65804367
  -0.47667299 -0.41191122 -0.30793264 -0.42643902]]
[[-0.41883363 -0.4869583  -0.39891248 -0.57153406 -0.32410708 -0.65819717
  -0.47679745 -0.41203213 -0.3080375  -0.42657773]]
[[-0.41897128 -0.48712646 -0.39902035 -0.57164927 -0.32426157 -0.65834994
  -0.47692137 -0.41215251 -0.30814187 -0.42671581]]
[[-0.41910834 -0.48729381 -0.39912764 -0.57176377 -0.32441535 -0.65850197
  -0.47704475 -0.41227239 -0.30824574 -0.42685326]]
[[-0.41924481 -0.48746037 -0.39923436 -0.57187757 -0.32456842 -0.65865328
  -0.47716759 -0.41239176 -0.30834911 -0.42699009]]
[[-0.41938069 -0.48762614 -0.39934052 -0.57199069 -0.3247208  -0.65880386
  -0.47728991 -0.41251063 -0.308452   -0.4271263 ]]
[[-0.41951599 -0.48779113 -0.39944611 -0.57210312 -0.32487248 -0.65895374
  -0.4774117  -0.41262901 -0.30855441 -0.42726191]]
[[-0.41965072 -0.48795535 -0.39955115 -0.57221488 -0.32502348 -0.6591029
  -0.47753297 -0.41274689 -0.30865633 -0.42739691]]
[[-0.41978487 -0.48811879 -0.39965564 -0.57232597 -0.3251738  -0.65925137
  -0.47765373 -0.41286429 -0.30875778 -0.4275313 ]]
[[-0.41991846 -0.48828147 -0.39975958 -0.57243641 -0.32532344 -0.65939914
  -0.47777396 -0.4129812  -0.30885876 -0.42766511]]
[[-0.42005149 -0.4884434  -0.39986299 -0.5725462  -0.32547242 -0.65954623
  -0.47789369 -0.41309764 -0.30895926 -0.42779832]]
[[-0.42018397 -0.48860457 -0.39996586 -0.57265536 -0.32562075 -0.65969263
  -0.47801292 -0.4132136  -0.30905931 -0.42793095]]
[[-0.42031589 -0.488765   -0.40006821 -0.57276388 -0.32576842 -0.65983835
  -0.47813164 -0.41332909 -0.30915889 -0.428063  ]]
[[-0.42044727 -0.48892469 -0.40017003 -0.57287177 -0.32591544 -0.6599834
  -0.47824987 -0.41344412 -0.30925801 -0.42819447]]
[[-0.42057811 -0.48908365 -0.40027134 -0.57297905 -0.32606182 -0.66012779
  -0.4783676  -0.41355869 -0.30935668 -0.42832538]]
[[-0.42070841 -0.48924188 -0.40037214 -0.57308573 -0.32620757 -0.66027152
  -0.47848485 -0.4136728  -0.3094549  -0.42845571]]
[[-0.42083817 -0.48939939 -0.40047243 -0.5731918  -0.32635268 -0.66041459
  -0.4786016  -0.41378645 -0.30955267 -0.42858549]]
[[-0.42096741 -0.48955619 -0.40057222 -0.57329727 -0.32649718 -0.66055702
  -0.47871788 -0.41389966 -0.30964999 -0.42871471]]
[[-0.42109613 -0.48971227 -0.40067151 -0.57340216 -0.32664105 -0.6606988
  -0.47883368 -0.41401242 -0.30974688 -0.42884338]]
[[-0.42122432 -0.48986765 -0.40077032 -0.57350647 -0.32678432 -0.66083995
  -0.478949   -0.41412474 -0.30984333 -0.4289715 ]]
[[-0.421352   -0.49002233 -0.40086863 -0.57361021 -0.32692697 -0.66098046
  -0.47906385 -0.41423662 -0.30993935 -0.42909908]]
[[-0.42147917 -0.49017631 -0.40096647 -0.57371338 -0.32706903 -0.66112035
  -0.47917823 -0.41434807 -0.31003494 -0.42922612]]
[[-0.42160583 -0.49032961 -0.40106383 -0.57381599 -0.32721049 -0.66125961
  -0.47929215 -0.41445909 -0.3101301  -0.42935262]]
[[-0.42173199 -0.49048222 -0.40116072 -0.57391804 -0.32735136 -0.66139825
  -0.47940561 -0.41456968 -0.31022483 -0.4294786 ]]
[[-0.42185766 -0.49063416 -0.40125714 -0.57401955 -0.32749165 -0.66153629
  -0.47951861 -0.41467984 -0.31031915 -0.42960405]]
[[-0.42198282 -0.49078542 -0.4013531  -0.57412052 -0.32763135 -0.66167372
  -0.47963116 -0.41478959 -0.31041305 -0.42972897]]
[[-0.4221075  -0.49093602 -0.4014486  -0.57422095 -0.32777049 -0.66181054
  -0.47974325 -0.41489892 -0.31050654 -0.42985339]]
[[-0.42223168 -0.49108595 -0.40154365 -0.57432086 -0.32790905 -0.66194677
  -0.4798549  -0.41500783 -0.31059962 -0.42997728]]
[[-0.42235539 -0.49123522 -0.40163826 -0.57442024 -0.32804704 -0.6620824
  -0.47996611 -0.41511634 -0.31069228 -0.43010067]]
[[-0.42247862 -0.49138384 -0.40173241 -0.57451911 -0.32818448 -0.66221745
  -0.48007687 -0.41522444 -0.31078455 -0.43022355]]
[[-0.42260136 -0.49153181 -0.40182613 -0.57461746 -0.32832136 -0.66235192
  -0.4801872  -0.41533214 -0.31087641 -0.43034593]]
[[-0.42272364 -0.49167914 -0.40191942 -0.57471531 -0.32845769 -0.6624858
  -0.48029709 -0.41543943 -0.31096788 -0.43046782]]
[[-0.42284545 -0.49182583 -0.40201227 -0.57481266 -0.32859348 -0.66261911
  -0.48040655 -0.41554633 -0.31105895 -0.43058921]]
[[-0.4229668  -0.49197188 -0.4021047  -0.57490951 -0.32872872 -0.66275186
  -0.48051559 -0.41565283 -0.31114963 -0.43071011]]
[[-0.42308768 -0.49211731 -0.4021967  -0.57500587 -0.32886343 -0.66288403
  -0.48062419 -0.41575895 -0.31123991 -0.43083052]]
[[-0.4232081  -0.49226211 -0.40228829 -0.57510176 -0.32899761 -0.66301565
  -0.48073238 -0.41586467 -0.31132982 -0.43095045]]
[[-0.42332807 -0.49240628 -0.40237946 -0.57519716 -0.32913126 -0.66314671
  -0.48084015 -0.41597001 -0.31141934 -0.43106991]]
[[-0.42344759 -0.49254985 -0.40247022 -0.57529208 -0.32926438 -0.66327722
  -0.4809475  -0.41607497 -0.31150847 -0.43118889]]
[[-0.42356666 -0.4926928  -0.40256058 -0.57538654 -0.32939699 -0.66340718
  -0.48105443 -0.41617955 -0.31159723 -0.43130739]]
[[-0.42368529 -0.49283514 -0.40265053 -0.57548054 -0.32952908 -0.6635366
  -0.48116096 -0.41628375 -0.31168562 -0.43142543]]
[[-0.42380348 -0.49297688 -0.40274009 -0.57557408 -0.32966067 -0.66366548
  -0.48126708 -0.41638758 -0.31177363 -0.43154301]]
[[-0.42392123 -0.49311803 -0.40282925 -0.57566716 -0.32979174 -0.66379383
  -0.4813728  -0.41649103 -0.31186127 -0.43166013]]
[[-0.42403854 -0.49325858 -0.40291802 -0.57575979 -0.32992232 -0.66392164
  -0.48147811 -0.41659412 -0.31194855 -0.43177678]]
[[-0.42415542 -0.49339853 -0.40300641 -0.57585198 -0.3300524  -0.66404892
  -0.48158302 -0.41669684 -0.31203546 -0.43189299]]
[[-0.42427188 -0.49353791 -0.40309441 -0.57594373 -0.33018198 -0.66417569
  -0.48168754 -0.4167992  -0.31212201 -0.43200874]]
[[-0.42438791 -0.4936767  -0.40318204 -0.57603504 -0.33031108 -0.66430193
  -0.48179167 -0.4169012  -0.3122082  -0.43212405]]
[[-0.42450351 -0.49381491 -0.40326928 -0.57612592 -0.33043969 -0.66442766
  -0.4818954  -0.41700284 -0.31229404 -0.43223891]]
[[-0.4246187  -0.49395255 -0.40335616 -0.57621637 -0.33056782 -0.66455288
  -0.48199874 -0.41710413 -0.31237952 -0.43235334]]
[[-0.42473347 -0.49408962 -0.40344267 -0.5763064  -0.33069547 -0.66467759
  -0.4821017  -0.41720506 -0.31246465 -0.43246732]]
[[-0.42484783 -0.49422612 -0.40352881 -0.57639601 -0.33082264 -0.66480179
  -0.48220428 -0.41730565 -0.31254943 -0.43258088]]
[[-0.42496178 -0.49436207 -0.40361459 -0.57648521 -0.33094935 -0.6649255
  -0.48230648 -0.41740588 -0.31263387 -0.432694  ]]
[[-0.42507532 -0.49449745 -0.40370001 -0.576574   -0.33107559 -0.66504871
  -0.4824083  -0.41750577 -0.31271796 -0.4328067 ]]
[[-0.42518846 -0.49463228 -0.40378508 -0.57666238 -0.33120137 -0.66517143
  -0.48250974 -0.41760532 -0.31280171 -0.43291897]]
[[-0.42530119 -0.49476656 -0.4038698  -0.57675036 -0.33132668 -0.66529366
  -0.48261081 -0.41770453 -0.31288512 -0.43303082]]
[[-0.42541353 -0.4949003  -0.40395417 -0.57683794 -0.33145154 -0.6654154
  -0.48271151 -0.41780339 -0.3129682  -0.43314225]]
[[-0.42552547 -0.49503349 -0.40403819 -0.57692512 -0.33157595 -0.66553666
  -0.48281184 -0.41790193 -0.31305094 -0.43325326]]
[[-0.42563702 -0.49516614 -0.40412187 -0.57701192 -0.33169991 -0.66565744
  -0.48291181 -0.41800012 -0.31313335 -0.43336387]]
[[-0.42574817 -0.49529826 -0.40420521 -0.57709832 -0.33182343 -0.66577775
  -0.48301141 -0.41809799 -0.31321543 -0.43347406]]
[[-0.42585894 -0.49542984 -0.40428822 -0.57718435 -0.3319465  -0.66589758
  -0.48311065 -0.41819553 -0.31329718 -0.43358385]]
[[-0.42596932 -0.4955609  -0.4043709  -0.57726999 -0.33206913 -0.66601695
  -0.48320954 -0.41829274 -0.31337861 -0.43369324]]
[[-0.42607932 -0.49569144 -0.40445324 -0.57735526 -0.33219133 -0.66613585
  -0.48330807 -0.41838962 -0.31345971 -0.43380223]]
[[-0.42618894 -0.49582145 -0.40453526 -0.57744016 -0.3323131  -0.6662543
  -0.48340624 -0.41848619 -0.3135405  -0.43391082]]
[[-0.42629819 -0.49595094 -0.40461696 -0.57752468 -0.33243444 -0.66637228
  -0.48350407 -0.41858243 -0.31362096 -0.43401901]]
[[-0.42640705 -0.49607993 -0.40469834 -0.57760884 -0.33255535 -0.66648981
  -0.48360154 -0.41867835 -0.31370111 -0.43412682]]
[[-0.42651555 -0.4962084  -0.40477939 -0.57769264 -0.33267584 -0.66660688
  -0.48369867 -0.41877396 -0.31378095 -0.43423423]]
[[-0.42662368 -0.49633636 -0.40486014 -0.57777608 -0.33279591 -0.66672351
  -0.48379545 -0.41886925 -0.31386048 -0.43434126]]
[[-0.42673143 -0.49646383 -0.40494057 -0.57785917 -0.33291557 -0.66683969
  -0.48389189 -0.41896423 -0.31393969 -0.4344479 ]]
[[-0.42683883 -0.49659079 -0.40502069 -0.5779419  -0.33303481 -0.66695543
  -0.48398799 -0.4190589  -0.3140186  -0.43455417]]
[[-0.42694586 -0.49671725 -0.4051005  -0.57802428 -0.33315364 -0.66707073
  -0.48408376 -0.41915326 -0.3140972  -0.43466005]]
[[-0.42705253 -0.49684323 -0.40518002 -0.57810631 -0.33327206 -0.6671856
  -0.48417918 -0.41924732 -0.3141755  -0.43476556]]
[[-0.42715884 -0.49696871 -0.40525923 -0.57818801 -0.33339008 -0.66730003
  -0.48427428 -0.41934107 -0.3142535  -0.4348707 ]]
[[-0.4272648  -0.4970937  -0.40533814 -0.57826936 -0.3335077  -0.66741403
  -0.48436904 -0.41943451 -0.3143312  -0.43497547]]
[[-0.4273704  -0.49721822 -0.40541675 -0.57835037 -0.33362492 -0.66752761
  -0.48446347 -0.41952766 -0.31440861 -0.43507987]]
[[-0.42747566 -0.49734225 -0.40549508 -0.57843106 -0.33374175 -0.66764076
  -0.48455757 -0.41962051 -0.31448571 -0.43518391]]
[[-0.42758056 -0.4974658  -0.40557311 -0.57851141 -0.33385818 -0.66775348
  -0.48465135 -0.41971306 -0.31456253 -0.43528758]]
[[-0.42768512 -0.49758888 -0.40565085 -0.57859143 -0.33397422 -0.6678658
  -0.4847448  -0.41980532 -0.31463905 -0.4353909 ]]
[[-0.42778934 -0.49771149 -0.40572831 -0.57867113 -0.33408988 -0.66797769
  -0.48483794 -0.41989728 -0.31471529 -0.43549385]]
[[-0.42789321 -0.49783364 -0.40580548 -0.5787505  -0.33420515 -0.66808917
  -0.48493075 -0.41998895 -0.31479123 -0.43559646]]
[[-0.42799674 -0.49795531 -0.40588237 -0.57882956 -0.33432004 -0.66820025
  -0.48502325 -0.42008033 -0.31486689 -0.43569871]]
[[-0.42809994 -0.49807653 -0.40595899 -0.57890829 -0.33443455 -0.66831091
  -0.48511543 -0.42017142 -0.31494227 -0.43580061]]
[[-0.4282028  -0.49819729 -0.40603532 -0.57898672 -0.33454868 -0.66842117
  -0.4852073  -0.42026223 -0.31501737 -0.43590216]]
[[-0.42830533 -0.49831759 -0.40611139 -0.57906483 -0.33466244 -0.66853103
  -0.48529885 -0.42035275 -0.31509218 -0.43600337]]
[[-0.42840753 -0.49843744 -0.40618718 -0.57914263 -0.33477583 -0.66864049
  -0.4853901  -0.42044299 -0.31516672 -0.43610423]]
[[-0.42850939 -0.49855684 -0.4062627  -0.57922013 -0.33488885 -0.66874956
  -0.48548104 -0.42053295 -0.31524098 -0.43620475]]
[[-0.42861093 -0.49867579 -0.40633795 -0.57929732 -0.3350015  -0.66885823
  -0.48557167 -0.42062263 -0.31531497 -0.43630494]]
[[-0.42871215 -0.4987943  -0.40641294 -0.57937422 -0.33511379 -0.66896651
  -0.485662   -0.42071203 -0.31538869 -0.43640479]]
[[-0.42881305 -0.49891237 -0.40648767 -0.57945081 -0.33522572 -0.6690744
  -0.48575202 -0.42080115 -0.31546213 -0.43650431]]
[[-0.42891362 -0.49903    -0.40656213 -0.57952711 -0.33533729 -0.6691819
  -0.48584175 -0.42089    -0.3155353  -0.43660349]]
[[-0.42901387 -0.4991472  -0.40663634 -0.57960311 -0.3354485  -0.66928902
  -0.48593117 -0.42097858 -0.31560821 -0.43670235]]
[[-0.42911381 -0.49926396 -0.40671029 -0.57967882 -0.33555936 -0.66939577
  -0.4860203  -0.42106688 -0.31568085 -0.43680088]]
[[-0.42921344 -0.49938029 -0.40678398 -0.57975425 -0.33566987 -0.66950213
  -0.48610914 -0.42115492 -0.31575323 -0.43689908]]
[[-0.42931275 -0.4994962  -0.40685742 -0.57982939 -0.33578002 -0.66960812
  -0.48619768 -0.42124268 -0.31582535 -0.43699696]]
[[-0.42941175 -0.49961168 -0.40693061 -0.57990424 -0.33588983 -0.66971373
  -0.48628593 -0.42133018 -0.3158972  -0.43709452]]
[[-0.42951044 -0.49972675 -0.40700355 -0.57997881 -0.3359993  -0.66981897
  -0.48637388 -0.42141742 -0.3159688  -0.43719177]]
[[-0.42960882 -0.49984139 -0.40707625 -0.5800531  -0.33610842 -0.66992385
  -0.48646156 -0.42150439 -0.31604013 -0.43728869]]
[[-0.4297069  -0.49995562 -0.4071487  -0.58012712 -0.33621721 -0.67002836
  -0.48654894 -0.4215911  -0.31611122 -0.43738531]]
[[-0.42980468 -0.50006943 -0.40722091 -0.58020086 -0.33632565 -0.6701325
  -0.48663604 -0.42167754 -0.31618205 -0.43748161]]
[[-0.42990215 -0.50018283 -0.40729287 -0.58027432 -0.33643376 -0.67023628
  -0.48672286 -0.42176373 -0.31625262 -0.4375776 ]]
[[-0.42999933 -0.50029583 -0.4073646  -0.58034752 -0.33654154 -0.67033971
  -0.48680939 -0.42184966 -0.31632295 -0.43767328]]
[[-0.43009621 -0.50040842 -0.40743609 -0.58042045 -0.33664898 -0.67044278
  -0.48689565 -0.42193534 -0.31639302 -0.43776866]]
[[-0.43019279 -0.50052061 -0.40750734 -0.58049311 -0.3367561  -0.67054549
  -0.48698162 -0.42202076 -0.31646285 -0.43786373]]
[[-0.43028908 -0.50063239 -0.40757836 -0.5805655  -0.33686289 -0.67064785
  -0.48706732 -0.42210592 -0.31653243 -0.4379585 ]]
[[-0.43038507 -0.50074378 -0.40764915 -0.58063764 -0.33696935 -0.67074986
  -0.48715275 -0.42219083 -0.31660177 -0.43805298]]
[[-0.43048078 -0.50085478 -0.40771971 -0.58070951 -0.33707549 -0.67085152
  -0.4872379  -0.4222755  -0.31667086 -0.43814715]]
[[-0.4305762  -0.50096538 -0.40779004 -0.58078112 -0.33718131 -0.67095284
  -0.48732278 -0.42235991 -0.31673971 -0.43824103]]
[[-0.43067133 -0.50107559 -0.40786014 -0.58085248 -0.33728681 -0.67105381
  -0.48740739 -0.42244407 -0.31680833 -0.43833461]]
[[-0.43076617 -0.50118541 -0.40793002 -0.58092359 -0.33739199 -0.67115445
  -0.48749173 -0.42252799 -0.3168767  -0.4384279 ]]
[[-0.43086073 -0.50129485 -0.40799967 -0.58099444 -0.33749686 -0.67125474
  -0.48757581 -0.42261167 -0.31694483 -0.4385209 ]]
[[-0.43095501 -0.50140391 -0.4080691  -0.58106504 -0.33760141 -0.6713547
  -0.48765962 -0.42269509 -0.31701273 -0.43861362]]
[[-0.43104901 -0.50151258 -0.40813831 -0.58113539 -0.33770565 -0.67145432
  -0.48774316 -0.42277828 -0.3170804  -0.43870604]]
[[-0.43114273 -0.50162088 -0.4082073  -0.5812055  -0.33780959 -0.67155361
  -0.48782644 -0.42286123 -0.31714783 -0.43879819]]
[[-0.43123618 -0.5017288  -0.40827608 -0.58127536 -0.33791322 -0.67165257
  -0.48790946 -0.42294393 -0.31721503 -0.43889004]]
[[-0.43132935 -0.50183635 -0.40834464 -0.58134498 -0.33801654 -0.67175119
  -0.48799222 -0.4230264  -0.317282   -0.43898162]]
[[-0.43142224 -0.50194352 -0.40841298 -0.58141436 -0.33811955 -0.6718495
  -0.48807473 -0.42310862 -0.31734874 -0.43907292]]
[[-0.43151486 -0.50205033 -0.40848112 -0.5814835  -0.33822227 -0.67194748
  -0.48815697 -0.42319061 -0.31741526 -0.43916394]]
[[-0.43160722 -0.50215677 -0.40854904 -0.5815524  -0.33832469 -0.67204513
  -0.48823896 -0.42327237 -0.31748155 -0.43925468]]
[[-0.4316993  -0.50226285 -0.40861675 -0.58162106 -0.3384268  -0.67214246
  -0.4883207  -0.42335389 -0.31754761 -0.43934515]]
[[-0.43179112 -0.50236856 -0.40868425 -0.58168949 -0.33852863 -0.67223948
  -0.48840218 -0.42343518 -0.31761345 -0.43943535]]
[[-0.43188267 -0.50247392 -0.40875155 -0.58175769 -0.33863015 -0.67233618
  -0.48848342 -0.42351624 -0.31767907 -0.43952528]]
[[-0.43197396 -0.50257892 -0.40881864 -0.58182566 -0.33873139 -0.67243256
  -0.4885644  -0.42359707 -0.31774447 -0.43961494]]
[[-0.43206499 -0.50268356 -0.40888553 -0.5818934  -0.33883233 -0.67252863
  -0.48864514 -0.42367767 -0.31780964 -0.43970433]]
[[-0.43215575 -0.50278785 -0.40895221 -0.58196091 -0.33893298 -0.67262439
  -0.48872563 -0.42375804 -0.3178746  -0.43979345]]
[[-0.43224626 -0.50289179 -0.4090187  -0.58202819 -0.33903335 -0.67271984
  -0.48880587 -0.42383819 -0.31793935 -0.43988231]]
[[-0.4323365  -0.50299538 -0.40908498 -0.58209526 -0.33913343 -0.67281499
  -0.48888587 -0.42391811 -0.31800387 -0.43997091]]
[[-0.4324265  -0.50309862 -0.40915107 -0.58216209 -0.33923323 -0.67290982
  -0.48896563 -0.4239978  -0.31806819 -0.44005925]]
[[-0.43251623 -0.50320152 -0.40921696 -0.58222871 -0.33933274 -0.67300436
  -0.48904514 -0.42407727 -0.31813229 -0.44014733]]
[[-0.43260571 -0.50330407 -0.40928265 -0.58229511 -0.33943197 -0.67309859
  -0.48912442 -0.42415652 -0.31819618 -0.44023515]]
[[-0.43269495 -0.50340629 -0.40934815 -0.58236129 -0.33953093 -0.67319252
  -0.48920345 -0.42423555 -0.31825986 -0.44032271]]
[[-0.43278393 -0.50350817 -0.40941346 -0.58242726 -0.3396296  -0.67328616
  -0.48928225 -0.42431436 -0.31832332 -0.44041002]]
[[-0.43287266 -0.50360971 -0.40947857 -0.58249301 -0.339728   -0.67337949
  -0.48936081 -0.42439295 -0.31838659 -0.44049708]]
[[-0.43296114 -0.50371091 -0.40954349 -0.58255854 -0.33982613 -0.67347253
  -0.48943914 -0.42447132 -0.31844964 -0.44058388]]
[[-0.43304938 -0.50381179 -0.40960823 -0.58262387 -0.33992398 -0.67356528
  -0.48951723 -0.42454948 -0.31851249 -0.44067044]]
[[-0.43313737 -0.50391233 -0.40967277 -0.58268898 -0.34002156 -0.67365774
  -0.4895951  -0.42462742 -0.31857513 -0.44075675]]
[[-0.43322512 -0.50401255 -0.40973713 -0.58275389 -0.34011887 -0.67374991
  -0.48967273 -0.42470514 -0.31863757 -0.44084281]]
[[-0.43331263 -0.50411244 -0.40980131 -0.58281859 -0.34021592 -0.67384179
  -0.48975013 -0.42478266 -0.31869981 -0.44092862]]
[[-0.43339989 -0.50421201 -0.4098653  -0.58288308 -0.34031269 -0.67393338
  -0.4898273  -0.42485996 -0.31876185 -0.44101419]]
[[-0.43348692 -0.50431125 -0.4099291  -0.58294737 -0.3404092  -0.67402469
  -0.48990424 -0.42493704 -0.31882369 -0.44109952]]
[[-0.43357371 -0.50441017 -0.40999273 -0.58301145 -0.34050545 -0.67411572
  -0.48998096 -0.42501392 -0.31888533 -0.44118461]]
[[-0.43366026 -0.50450878 -0.41005617 -0.58307534 -0.34060144 -0.67420646
  -0.49005745 -0.42509059 -0.31894677 -0.44126946]]
[[-0.43374658 -0.50460707 -0.41011943 -0.58313902 -0.34069716 -0.67429692
  -0.49013372 -0.42516705 -0.31900801 -0.44135407]]
[[-0.43383267 -0.50470504 -0.41018252 -0.58320251 -0.34079263 -0.67438711
  -0.49020977 -0.42524331 -0.31906906 -0.44143844]]
[[-0.43391852 -0.5048027  -0.41024543 -0.58326579 -0.34088783 -0.67447702
  -0.4902856  -0.42531936 -0.31912992 -0.44152258]]
[[-0.43400414 -0.50490005 -0.41030816 -0.58332888 -0.34098278 -0.67456665
  -0.4903612  -0.4253952  -0.31919058 -0.44160648]]
[[-0.43408953 -0.50499709 -0.41037071 -0.58339178 -0.34107748 -0.67465602
  -0.49043659 -0.42547084 -0.31925105 -0.44169015]]
[[-0.43417469 -0.50509382 -0.41043309 -0.58345448 -0.34117192 -0.67474511
  -0.49051176 -0.42554627 -0.31931133 -0.44177359]]
[[-0.43425962 -0.50519025 -0.4104953  -0.58351699 -0.34126611 -0.67483392
  -0.49058671 -0.42562151 -0.31937142 -0.4418568 ]]
[[-0.43434433 -0.50528637 -0.41055734 -0.58357931 -0.34136005 -0.67492247
  -0.49066144 -0.42569654 -0.31943133 -0.44193978]]
[[-0.43442881 -0.5053822  -0.4106192  -0.58364144 -0.34145374 -0.67501076
  -0.49073596 -0.42577137 -0.31949104 -0.44202253]]
[[-0.43451307 -0.50547772 -0.41068089 -0.58370338 -0.34154718 -0.67509877
  -0.49081027 -0.425846   -0.31955057 -0.44210506]]
[[-0.43459711 -0.50557294 -0.41074242 -0.58376513 -0.34164037 -0.67518653
  -0.49088437 -0.42592044 -0.31960991 -0.44218736]]
[[-0.43468092 -0.50566787 -0.41080378 -0.58382669 -0.34173332 -0.67527402
  -0.49095825 -0.42599467 -0.31966907 -0.44226944]]
[[-0.43476452 -0.5057625  -0.41086497 -0.58388807 -0.34182603 -0.67536125
  -0.49103193 -0.42606871 -0.31972804 -0.4423513 ]]
[[-0.43484789 -0.50585684 -0.41092599 -0.58394927 -0.34191849 -0.67544821
  -0.49110539 -0.42614256 -0.31978683 -0.44243294]]
[[-0.43493105 -0.50595089 -0.41098685 -0.58401029 -0.34201071 -0.67553492
  -0.49117865 -0.42621621 -0.31984544 -0.44251436]]
[[-0.435014   -0.50604465 -0.41104755 -0.58407112 -0.34210269 -0.67562138
  -0.4912517  -0.42628966 -0.31990387 -0.44259555]]
[[-0.43509672 -0.50613812 -0.41110808 -0.58413177 -0.34219443 -0.67570758
  -0.49132455 -0.42636293 -0.31996212 -0.44267654]]
[[-0.43517924 -0.5062313  -0.41116845 -0.58419225 -0.34228593 -0.67579352
  -0.49139719 -0.426436   -0.32002019 -0.4427573 ]]
[[-0.43526154 -0.5063242  -0.41122866 -0.58425254 -0.3423772  -0.67587921
  -0.49146963 -0.42650888 -0.32007809 -0.44283785]]
[[-0.43534363 -0.50641681 -0.41128871 -0.58431266 -0.34246823 -0.67596465
  -0.49154186 -0.42658157 -0.3201358  -0.44291819]]
[[-0.4354255  -0.50650915 -0.4113486  -0.58437261 -0.34255903 -0.67604984
  -0.4916139  -0.42665407 -0.32019335 -0.44299832]]
[[-0.43550717 -0.5066012  -0.41140833 -0.58443238 -0.34264959 -0.67613478
  -0.49168573 -0.42672638 -0.32025071 -0.44307823]]
[[-0.43558863 -0.50669298 -0.41146791 -0.58449197 -0.34273992 -0.67621947
  -0.49175736 -0.42679851 -0.32030791 -0.44315793]]
[[-0.43566989 -0.50678448 -0.41152733 -0.5845514  -0.34283003 -0.67630392
  -0.4918288  -0.42687044 -0.32036493 -0.44323743]]
[[-0.43575094 -0.5068757  -0.41158659 -0.58461065 -0.3429199  -0.67638812
  -0.49190004 -0.42694219 -0.32042178 -0.44331672]]
[[-0.43583178 -0.50696665 -0.4116457  -0.58466973 -0.34300954 -0.67647208
  -0.49197108 -0.42701376 -0.32047846 -0.4433958 ]]
[[-0.43591242 -0.50705733 -0.41170465 -0.58472864 -0.34309896 -0.6765558
  -0.49204192 -0.42708514 -0.32053496 -0.44347468]]
[[-0.43599285 -0.50714774 -0.41176345 -0.58478739 -0.34318815 -0.67663927
  -0.49211257 -0.42715634 -0.3205913  -0.44355335]]
[[-0.43607309 -0.50723788 -0.4118221  -0.58484596 -0.34327712 -0.67672251
  -0.49218303 -0.42722736 -0.32064748 -0.44363182]]
[[-0.43615312 -0.50732775 -0.4118806  -0.58490438 -0.34336586 -0.67680551
  -0.4922533  -0.42729819 -0.32070348 -0.44371009]]
[[-0.43623296 -0.50741736 -0.41193894 -0.58496262 -0.34345439 -0.67688827
  -0.49232337 -0.42736885 -0.32075932 -0.44378815]]
[[-0.43631259 -0.5075067  -0.41199714 -0.5850207  -0.34354269 -0.6769708
  -0.49239326 -0.42743932 -0.32081499 -0.44386602]]
[[-0.43639203 -0.50759578 -0.41205519 -0.58507862 -0.34363077 -0.67705309
  -0.49246295 -0.42750962 -0.3208705  -0.44394369]]
[[-0.43647128 -0.5076846  -0.41211309 -0.58513638 -0.34371863 -0.67713515
  -0.49253246 -0.42757973 -0.32092584 -0.44402116]]
[[-0.43655032 -0.50777315 -0.41217085 -0.58519398 -0.34380627 -0.67721697
  -0.49260177 -0.42764967 -0.32098103 -0.44409843]]
[[-0.43662918 -0.50786145 -0.41222845 -0.58525141 -0.3438937  -0.67729857
  -0.49267091 -0.42771943 -0.32103605 -0.44417551]]
[[-0.43670784 -0.50794949 -0.41228592 -0.58530869 -0.34398091 -0.67737994
  -0.49273985 -0.42778902 -0.32109091 -0.4442524 ]]
[[-0.43678631 -0.50803728 -0.41234323 -0.58536581 -0.34406791 -0.67746108
  -0.49280861 -0.42785843 -0.32114561 -0.44432909]]
[[-0.43686458 -0.50812481 -0.41240041 -0.58542277 -0.34415469 -0.67754199
  -0.49287719 -0.42792766 -0.32120015 -0.44440559]]
[[-0.43694267 -0.50821209 -0.41245744 -0.58547958 -0.34424126 -0.67762267
  -0.49294558 -0.42799672 -0.32125453 -0.44448189]]
[[-0.43702057 -0.50829912 -0.41251433 -0.58553623 -0.34432762 -0.67770313
  -0.49301379 -0.42806561 -0.32130875 -0.44455801]]
[[-0.43709828 -0.5083859  -0.41257107 -0.58559272 -0.34441377 -0.67778337
  -0.49308182 -0.42813433 -0.32136282 -0.44463394]]
[[-0.4371758  -0.50847243 -0.41262768 -0.58564906 -0.34449971 -0.67786339
  -0.49314967 -0.42820287 -0.32141673 -0.44470968]]
[[-0.43725313 -0.50855871 -0.41268414 -0.58570525 -0.34458544 -0.67794318
  -0.49321734 -0.42827125 -0.32147049 -0.44478523]]
[[-0.43733028 -0.50864475 -0.41274047 -0.58576129 -0.34467097 -0.67802275
  -0.49328483 -0.42833945 -0.32152409 -0.4448606 ]]
[[-0.43740725 -0.50873054 -0.41279666 -0.58581718 -0.34475628 -0.67810211
  -0.49335215 -0.42840748 -0.32157754 -0.44493578]]
[[-0.43748403 -0.50881609 -0.41285271 -0.58587291 -0.3448414  -0.67818124
  -0.49341929 -0.42847535 -0.32163084 -0.44501077]]
[[-0.43756063 -0.5089014  -0.41290862 -0.5859285  -0.3449263  -0.67826016
  -0.49348625 -0.42854305 -0.32168398 -0.44508559]]
[[-0.43763705 -0.50898647 -0.4129644  -0.58598394 -0.34501101 -0.67833887
  -0.49355303 -0.42861058 -0.32173697 -0.44516022]]
[[-0.43771329 -0.5090713  -0.41302004 -0.58603923 -0.34509551 -0.67841736
  -0.49361964 -0.42867794 -0.32178982 -0.44523467]]
[[-0.43778935 -0.50915589 -0.41307554 -0.58609438 -0.34517981 -0.67849564
  -0.49368608 -0.42874514 -0.32184251 -0.44530894]]
[[-0.43786523 -0.50924024 -0.41313092 -0.58614938 -0.34526391 -0.6785737
  -0.49375235 -0.42881217 -0.32189506 -0.44538302]]
[[-0.43794093 -0.50932436 -0.41318615 -0.58620423 -0.34534781 -0.67865155
  -0.49381844 -0.42887904 -0.32194745 -0.44545693]]
[[-0.43801646 -0.50940824 -0.41324126 -0.58625895 -0.34543152 -0.6787292
  -0.49388437 -0.42894575 -0.3219997  -0.44553067]]
[[-0.43809181 -0.50949189 -0.41329623 -0.58631351 -0.34551502 -0.67880663
  -0.49395012 -0.42901229 -0.32205181 -0.44560422]]
[[-0.43816698 -0.50957531 -0.41335107 -0.58636794 -0.34559833 -0.67888386
  -0.4940157  -0.42907867 -0.32210376 -0.4456776 ]]
[[-0.43824198 -0.5096585  -0.41340578 -0.58642222 -0.34568144 -0.67896088
  -0.49408112 -0.42914489 -0.32215558 -0.44575081]]
[[-0.43831681 -0.50974147 -0.41346036 -0.58647637 -0.34576436 -0.67903769
  -0.49414637 -0.42921094 -0.32220725 -0.44582384]]
[[-0.43839146 -0.5098242  -0.41351482 -0.58653037 -0.34584708 -0.6791143
  -0.49421145 -0.42927684 -0.32225877 -0.44589669]]
[[-0.43846594 -0.5099067  -0.41356914 -0.58658423 -0.34592962 -0.6791907
  -0.49427636 -0.42934258 -0.32231015 -0.44596938]]
[[-0.43854026 -0.50998899 -0.41362333 -0.58663796 -0.34601195 -0.6792669
  -0.49434111 -0.42940816 -0.3223614  -0.44604189]]
[[-0.4386144  -0.51007104 -0.4136774  -0.58669155 -0.3460941  -0.6793429
  -0.4944057  -0.42947358 -0.32241249 -0.44611423]]
[[-0.43868837 -0.51015288 -0.41373134 -0.586745   -0.34617606 -0.6794187
  -0.49447012 -0.42953884 -0.32246345 -0.44618641]]
[[-0.43876218 -0.51023449 -0.41378515 -0.58679831 -0.34625783 -0.6794943
  -0.49453438 -0.42960395 -0.32251427 -0.44625841]]
[[-0.43883581 -0.51031588 -0.41383884 -0.58685149 -0.34633941 -0.6795697
  -0.49459847 -0.4296689  -0.32256495 -0.44633025]]
[[-0.43890928 -0.51039705 -0.4138924  -0.58690454 -0.3464208  -0.6796449
  -0.49466241 -0.42973369 -0.3226155  -0.44640191]]
[[-0.43898259 -0.51047801 -0.41394584 -0.58695745 -0.346502   -0.67971991
  -0.49472618 -0.42979833 -0.3226659  -0.44647342]]
[[-0.43905573 -0.51055874 -0.41399915 -0.58701023 -0.34658302 -0.67979471
  -0.4947898  -0.42986282 -0.32271617 -0.44654475]]
[[-0.43912871 -0.51063926 -0.41405234 -0.58706287 -0.34666385 -0.67986933
  -0.49485325 -0.42992715 -0.3227663  -0.44661592]]
[[-0.43920152 -0.51071957 -0.41410541 -0.58711539 -0.3467445  -0.67994375
  -0.49491655 -0.42999133 -0.32281629 -0.44668693]]
[[-0.43927417 -0.51079966 -0.41415836 -0.58716777 -0.34682497 -0.68001798
  -0.49497969 -0.43005535 -0.32286615 -0.44675777]]
[[-0.43934666 -0.51087954 -0.41421119 -0.58722002 -0.34690525 -0.68009201
  -0.49504267 -0.43011923 -0.32291588 -0.44682845]]
[[-0.43941899 -0.51095921 -0.41426389 -0.58727215 -0.34698536 -0.68016585
  -0.4951055  -0.43018295 -0.32296547 -0.44689897]]
[[-0.43949116 -0.51103867 -0.41431647 -0.58732414 -0.34706528 -0.68023951
  -0.49516817 -0.43024652 -0.32301493 -0.44696933]]
[[-0.43956317 -0.51111792 -0.41436894 -0.58737601 -0.34714502 -0.68031297
  -0.49523069 -0.43030995 -0.32306426 -0.44703953]]
[[-0.43963502 -0.51119696 -0.41442129 -0.58742774 -0.34722458 -0.68038624
  -0.49529305 -0.43037322 -0.32311346 -0.44710957]]
[[-0.43970671 -0.51127579 -0.41447351 -0.58747936 -0.34730396 -0.68045933
  -0.49535526 -0.43043634 -0.32316252 -0.44717945]]
[[-0.43977824 -0.51135442 -0.41452562 -0.58753084 -0.34738317 -0.68053223
  -0.49541732 -0.43049932 -0.32321146 -0.44724917]]
[[-0.43984962 -0.51143284 -0.41457761 -0.5875822  -0.34746219 -0.68060495
  -0.49547922 -0.43056215 -0.32326026 -0.44731874]]
[[-0.43992085 -0.51151106 -0.41462949 -0.58763344 -0.34754104 -0.68067748
  -0.49554098 -0.43062483 -0.32330894 -0.44738815]]
[[-0.43999192 -0.51158907 -0.41468125 -0.58768455 -0.34761972 -0.68074982
  -0.49560258 -0.43068737 -0.32335749 -0.4474574 ]]
[[-0.44006283 -0.51166688 -0.41473289 -0.58773553 -0.34769822 -0.68082199
  -0.49566403 -0.43074975 -0.32340591 -0.4475265 ]]
[[-0.44013359 -0.5117445  -0.41478442 -0.5877864  -0.34777655 -0.68089397
  -0.49572534 -0.430812   -0.3234542  -0.44759544]]
[[-0.4402042  -0.51182191 -0.41483584 -0.58783714 -0.34785471 -0.68096577
  -0.49578649 -0.4308741  -0.32350237 -0.44766424]]
[[-0.44027466 -0.51189912 -0.41488714 -0.58788776 -0.34793269 -0.68103739
  -0.4958475  -0.43093606 -0.32355041 -0.44773287]]
[[-0.44034496 -0.51197614 -0.41493832 -0.58793826 -0.3480105  -0.68110883
  -0.49590836 -0.43099787 -0.32359833 -0.44780136]]
[[-0.44041512 -0.51205296 -0.4149894  -0.58798864 -0.34808814 -0.68118009
  -0.49596908 -0.43105954 -0.32364612 -0.4478697 ]]
[[-0.44048513 -0.51212958 -0.41504036 -0.5880389  -0.34816561 -0.68125117
  -0.49602965 -0.43112106 -0.32369379 -0.44793788]]
[[-0.44055498 -0.51220601 -0.41509121 -0.58808904 -0.34824291 -0.68132207
  -0.49609007 -0.43118245 -0.32374133 -0.44800592]]
[[-0.44062469 -0.51228224 -0.41514195 -0.58813906 -0.34832004 -0.6813928
  -0.49615035 -0.43124369 -0.32378876 -0.4480738 ]]
[[-0.44069425 -0.51235828 -0.41519257 -0.58818897 -0.348397   -0.68146336
  -0.49621049 -0.4313048  -0.32383606 -0.44814154]]
[[-0.44076367 -0.51243413 -0.41524309 -0.58823876 -0.3484738  -0.68153373
  -0.49627048 -0.43136576 -0.32388323 -0.44820913]]
[[-0.44083294 -0.51250979 -0.4152935  -0.58828843 -0.34855043 -0.68160394
  -0.49633034 -0.43142659 -0.32393029 -0.44827657]]
[[-0.44090206 -0.51258526 -0.41534379 -0.58833798 -0.3486269  -0.68167397
  -0.49639004 -0.43148727 -0.32397723 -0.44834387]]
[[-0.44097104 -0.51266054 -0.41539398 -0.58838742 -0.3487032  -0.68174383
  -0.49644961 -0.43154782 -0.32402405 -0.44841102]]
[[-0.44103987 -0.51273563 -0.41544406 -0.58843674 -0.34877933 -0.68181352
  -0.49650904 -0.43160823 -0.32407074 -0.44847803]]
[[-0.44110856 -0.51281054 -0.41549404 -0.58848595 -0.3488553  -0.68188304
  -0.49656833 -0.4316685  -0.32411732 -0.44854489]]
[[-0.44117711 -0.51288526 -0.4155439  -0.58853505 -0.34893111 -0.68195238
  -0.49662748 -0.43172863 -0.32416378 -0.44861161]]
[[-0.44124551 -0.51295979 -0.41559366 -0.58858403 -0.34900676 -0.68202156
  -0.49668649 -0.43178863 -0.32421013 -0.44867818]]
[[-0.44131377 -0.51303414 -0.41564331 -0.5886329  -0.34908224 -0.68209057
  -0.49674536 -0.4318485  -0.32425635 -0.44874461]]
[[-0.4413819  -0.51310831 -0.41569286 -0.58868166 -0.34915757 -0.68215942
  -0.49680409 -0.43190822 -0.32430247 -0.4488109 ]]
[[-0.44144988 -0.51318229 -0.4157423  -0.58873031 -0.34923273 -0.68222809
  -0.49686269 -0.43196782 -0.32434846 -0.44887705]]
[[-0.44151772 -0.51325609 -0.41579164 -0.58877884 -0.34930773 -0.6822966
  -0.49692115 -0.43202728 -0.32439434 -0.44894306]]
[[-0.44158542 -0.51332971 -0.41584087 -0.58882727 -0.34938258 -0.68236495
  -0.49697948 -0.4320866  -0.32444011 -0.44900893]]
[[-0.44165299 -0.51340315 -0.41589    -0.58887558 -0.34945727 -0.68243313
  -0.49703767 -0.43214579 -0.32448576 -0.44907466]]
[[-0.44172042 -0.51347641 -0.41593902 -0.58892379 -0.3495318  -0.68250114
  -0.49709573 -0.43220485 -0.32453129 -0.44914025]]
[[-0.44178771 -0.51354949 -0.41598794 -0.58897188 -0.34960617 -0.682569
  -0.49715365 -0.43226378 -0.32457672 -0.4492057 ]]
[[-0.44185486 -0.5136224  -0.41603676 -0.58901987 -0.34968039 -0.68263669
  -0.49721144 -0.43232257 -0.32462203 -0.44927102]]
[[-0.44192188 -0.51369513 -0.41608548 -0.58906776 -0.34975445 -0.68270422
  -0.4972691  -0.43238124 -0.32466723 -0.4493362 ]]
[[-0.44198876 -0.51376768 -0.41613409 -0.58911553 -0.34982835 -0.68277159
  -0.49732663 -0.43243977 -0.32471232 -0.44940124]]
[[-0.4420555  -0.51384006 -0.41618261 -0.5891632  -0.3499021  -0.68283879
  -0.49738402 -0.43249818 -0.32475729 -0.44946615]]
[[-0.44212212 -0.51391227 -0.41623102 -0.58921076 -0.3499757  -0.68290584
  -0.49744128 -0.43255645 -0.32480216 -0.44953092]]
[[-0.4421886  -0.5139843  -0.41627933 -0.58925821 -0.35004915 -0.68297274
  -0.49749842 -0.4326146  -0.32484692 -0.44959555]]
[[-0.44225494 -0.51405616 -0.41632754 -0.58930556 -0.35012244 -0.68303947
  -0.49755542 -0.43267261 -0.32489157 -0.44966006]]
[[-0.44232116 -0.51412785 -0.41637566 -0.58935281 -0.35019558 -0.68310604
  -0.49761229 -0.4327305  -0.32493611 -0.44972443]]
[[-0.44238724 -0.51419937 -0.41642367 -0.58939995 -0.35026857 -0.68317246
  -0.49766904 -0.43278826 -0.32498054 -0.44978867]]
[[-0.44245319 -0.51427072 -0.41647159 -0.58944699 -0.35034141 -0.68323873
  -0.49772566 -0.4328459  -0.32502486 -0.44985277]]
[[-0.44251901 -0.51434189 -0.41651941 -0.58949393 -0.3504141  -0.68330483
  -0.49778215 -0.43290341 -0.32506908 -0.44991674]]
[[-0.4425847  -0.51441291 -0.41656712 -0.58954076 -0.35048663 -0.68337079
  -0.49783851 -0.43296079 -0.32511318 -0.44998059]]
[[-0.44265026 -0.51448375 -0.41661475 -0.58958749 -0.35055903 -0.68343659
  -0.49789475 -0.43301804 -0.32515719 -0.4500443 ]]
[[-0.44271569 -0.51455443 -0.41666227 -0.58963412 -0.35063127 -0.68350224
  -0.49795086 -0.43307517 -0.32520108 -0.45010788]]
[[-0.442781   -0.51462494 -0.4167097  -0.58968065 -0.35070336 -0.68356773
  -0.49800684 -0.43313218 -0.32524487 -0.45017133]]
[[-0.44284617 -0.51469528 -0.41675703 -0.58972707 -0.35077531 -0.68363307
  -0.4980627  -0.43318906 -0.32528856 -0.45023466]]
[[-0.44291122 -0.51476547 -0.41680427 -0.5897734  -0.35084711 -0.68369826
  -0.49811844 -0.43324582 -0.32533214 -0.45029786]]
[[-0.44297614 -0.51483549 -0.41685141 -0.58981963 -0.35091877 -0.68376331
  -0.49817405 -0.43330245 -0.32537562 -0.45036092]]
[[-0.44304093 -0.51490534 -0.41689846 -0.58986575 -0.35099028 -0.6838282
  -0.49822954 -0.43335896 -0.325419   -0.45042387]]
[[-0.4431056  -0.51497504 -0.41694541 -0.58991178 -0.35106164 -0.68389294
  -0.49828491 -0.43341535 -0.32546227 -0.45048668]]
[[-0.44317015 -0.51504457 -0.41699227 -0.58995771 -0.35113286 -0.68395753
  -0.49834016 -0.43347162 -0.32550544 -0.45054937]]
[[-0.44323457 -0.51511394 -0.41703904 -0.59000354 -0.35120394 -0.68402198
  -0.49839528 -0.43352776 -0.3255485  -0.45061193]]
[[-0.44329886 -0.51518315 -0.41708571 -0.59004928 -0.35127488 -0.68408628
  -0.49845028 -0.43358379 -0.32559147 -0.45067437]]
[[-0.44336303 -0.51525221 -0.41713229 -0.59009492 -0.35134567 -0.68415043
  -0.49850517 -0.43363969 -0.32563434 -0.45073668]]
[[-0.44342708 -0.5153211  -0.41717878 -0.59014046 -0.35141632 -0.68421444
  -0.49855993 -0.43369547 -0.3256771  -0.45079887]]
[[-0.443491   -0.51538984 -0.41722517 -0.5901859  -0.35148683 -0.6842783
  -0.49861457 -0.43375114 -0.32571976 -0.45086094]]
[[-0.44355481 -0.51545842 -0.41727147 -0.59023125 -0.3515572  -0.68434202
  -0.49866909 -0.43380668 -0.32576233 -0.45092288]]
[[-0.44361849 -0.51552685 -0.41731769 -0.59027651 -0.35162743 -0.68440559
  -0.4987235  -0.43386211 -0.32580479 -0.4509847 ]]
[[-0.44368205 -0.51559512 -0.41736381 -0.59032167 -0.35169751 -0.68446902
  -0.49877779 -0.43391742 -0.32584716 -0.4510464 ]]
[[-0.44374549 -0.51566323 -0.41740984 -0.59036673 -0.35176746 -0.68453231
  -0.49883196 -0.4339726  -0.32588943 -0.45110798]]
[[-0.44380881 -0.51573119 -0.41745578 -0.5904117  -0.35183727 -0.68459545
  -0.49888601 -0.43402768 -0.3259316  -0.45116944]]
[[-0.44387201 -0.515799   -0.41750163 -0.59045658 -0.35190695 -0.68465846
  -0.49893994 -0.43408263 -0.32597367 -0.45123077]]
[[-0.44393509 -0.51586666 -0.41754739 -0.59050137 -0.35197648 -0.68472132
  -0.49899376 -0.43413747 -0.32601565 -0.45129199]]
[[-0.44399805 -0.51593416 -0.41759306 -0.59054606 -0.35204588 -0.68478404
  -0.49904747 -0.43419219 -0.32605753 -0.45135308]]
[[-0.4440609  -0.51600152 -0.41763865 -0.59059066 -0.35211514 -0.68484662
  -0.49910106 -0.4342468  -0.32609931 -0.45141406]]
[[-0.44412362 -0.51606872 -0.41768414 -0.59063516 -0.35218427 -0.68490907
  -0.49915453 -0.43430129 -0.326141   -0.45147492]]
[[-0.44418623 -0.51613577 -0.41772955 -0.59067958 -0.35225326 -0.68497137
  -0.49920789 -0.43435566 -0.32618259 -0.45153566]]
[[-0.44424872 -0.51620267 -0.41777487 -0.59072391 -0.35232211 -0.68503354
  -0.49926114 -0.43440993 -0.32622409 -0.45159628]]
[[-0.4443111  -0.51626943 -0.4178201  -0.59076814 -0.35239084 -0.68509557
  -0.49931427 -0.43446407 -0.3262655  -0.45165679]]
[[-0.44437336 -0.51633604 -0.41786525 -0.59081228 -0.35245942 -0.68515746
  -0.49936729 -0.43451811 -0.3263068  -0.45171718]]
[[-0.44443551 -0.5164025  -0.4179103  -0.59085634 -0.35252788 -0.68521922
  -0.4994202  -0.43457203 -0.32634802 -0.45177745]]
[[-0.44449753 -0.51646881 -0.41795528 -0.5909003  -0.3525962  -0.68528084
  -0.499473   -0.43462584 -0.32638914 -0.45183761]]
[[-0.44455945 -0.51653498 -0.41800017 -0.59094418 -0.35266439 -0.68534233
  -0.49952569 -0.43467953 -0.32643017 -0.45189765]]
[[-0.44462125 -0.516601   -0.41804497 -0.59098797 -0.35273244 -0.68540368
  -0.49957826 -0.43473311 -0.32647111 -0.45195758]]
[[-0.44468294 -0.51666688 -0.41808968 -0.59103167 -0.35280037 -0.68546489
  -0.49963072 -0.43478659 -0.32651196 -0.45201739]]
[[-0.44474451 -0.51673261 -0.41813432 -0.59107528 -0.35286816 -0.68552598
  -0.49968308 -0.43483995 -0.32655271 -0.45207709]]
[[-0.44480597 -0.5167982  -0.41817886 -0.5911188  -0.35293583 -0.68558693
  -0.49973532 -0.43489319 -0.32659338 -0.45213668]]
[[-0.44486732 -0.51686365 -0.41822333 -0.59116224 -0.35300336 -0.68564775
  -0.49978746 -0.43494633 -0.32663395 -0.45219615]]
[[-0.44492856 -0.51692896 -0.41826771 -0.59120559 -0.35307076 -0.68570844
  -0.49983949 -0.43499936 -0.32667443 -0.45225551]]
[[-0.44498969 -0.51699412 -0.418312   -0.59124885 -0.35313804 -0.68576899
  -0.49989141 -0.43505228 -0.32671482 -0.45231476]]
[[-0.4450507  -0.51705915 -0.41835622 -0.59129203 -0.35320519 -0.68582942
  -0.49994322 -0.43510509 -0.32675513 -0.4523739 ]]
[[-0.44511161 -0.51712403 -0.41840035 -0.59133512 -0.35327221 -0.68588972
  -0.49999492 -0.43515779 -0.32679534 -0.45243292]]
[[-0.4451724  -0.51718878 -0.4184444  -0.59137813 -0.3533391  -0.68594988
  -0.50004652 -0.43521039 -0.32683547 -0.45249184]]
[[-0.44523308 -0.51725338 -0.41848836 -0.59142105 -0.35340586 -0.68600992
  -0.50009801 -0.43526287 -0.3268755  -0.45255064]]
[[-0.44529366 -0.51731785 -0.41853225 -0.59146389 -0.3534725  -0.68606983
  -0.50014939 -0.43531525 -0.32691545 -0.45260934]]
[[-0.44535413 -0.51738218 -0.41857605 -0.59150664 -0.35353901 -0.68612961
  -0.50020067 -0.43536752 -0.32695531 -0.45266792]]
[[-0.44541448 -0.51744637 -0.41861977 -0.59154931 -0.3536054  -0.68618926
  -0.50025185 -0.43541968 -0.32699509 -0.4527264 ]]
[[-0.44547473 -0.51751043 -0.41866341 -0.59159189 -0.35367166 -0.68624879
  -0.50030292 -0.43547174 -0.32703477 -0.45278477]]
[[-0.44553487 -0.51757435 -0.41870697 -0.5916344  -0.35373779 -0.68630819
  -0.50035388 -0.43552369 -0.32707438 -0.45284302]]
[[-0.44559491 -0.51763813 -0.41875045 -0.59167682 -0.3538038  -0.68636747
  -0.50040474 -0.43557553 -0.32711389 -0.45290118]]
[[-0.44565484 -0.51770178 -0.41879385 -0.59171915 -0.35386969 -0.68642662
  -0.5004555  -0.43562727 -0.32715332 -0.45295922]]
[[-0.44571466 -0.5177653  -0.41883718 -0.59176141 -0.35393546 -0.68648564
  -0.50050616 -0.43567891 -0.32719266 -0.45301716]]
[[-0.44577437 -0.51782868 -0.41888042 -0.59180358 -0.3540011  -0.68654454
  -0.50055671 -0.43573044 -0.32723192 -0.45307499]]
[[-0.44583398 -0.51789193 -0.41892358 -0.59184567 -0.35406662 -0.68660332
  -0.50060716 -0.43578186 -0.3272711  -0.45313271]]
[[-0.44589348 -0.51795505 -0.41896667 -0.59188769 -0.35413201 -0.68666197
  -0.5006575  -0.43583318 -0.32731019 -0.45319033]]
[[-0.44595288 -0.51801803 -0.41900967 -0.59192962 -0.35419729 -0.6867205
  -0.50070775 -0.4358844  -0.32734919 -0.45324784]]
[[-0.44601218 -0.51808088 -0.4190526  -0.59197147 -0.35426244 -0.68677891
  -0.5007579  -0.43593552 -0.32738812 -0.45330525]]
[[-0.44607136 -0.51814361 -0.41909545 -0.59201324 -0.35432747 -0.6868372
  -0.50080794 -0.43598653 -0.32742696 -0.45336255]]
[[-0.44613045 -0.5182062  -0.41913822 -0.59205493 -0.35439239 -0.68689536
  -0.50085789 -0.43603744 -0.32746571 -0.45341975]]
[[-0.44618943 -0.51826866 -0.41918092 -0.59209654 -0.35445718 -0.68695341
  -0.50090773 -0.43608825 -0.32750439 -0.45347684]]
[[-0.44624831 -0.51833099 -0.41922354 -0.59213807 -0.35452185 -0.68701133
  -0.50095748 -0.43613895 -0.32754298 -0.45353383]]
[[-0.44630709 -0.5183932  -0.41926608 -0.59217952 -0.35458641 -0.68706914
  -0.50100712 -0.43618956 -0.32758149 -0.45359072]]
[[-0.44636576 -0.51845528 -0.41930855 -0.5922209  -0.35465084 -0.68712682
  -0.50105667 -0.43624006 -0.32761992 -0.4536475 ]]
[[-0.44642433 -0.51851722 -0.41935094 -0.5922622  -0.35471516 -0.68718439
  -0.50110612 -0.43629047 -0.32765827 -0.45370419]]
[[-0.4464828  -0.51857905 -0.41939326 -0.59230341 -0.35477936 -0.68724183
  -0.50115547 -0.43634077 -0.32769654 -0.45376077]]
[[-0.44654117 -0.51864074 -0.4194355  -0.59234456 -0.35484344 -0.68729916
  -0.50120473 -0.43639097 -0.32773473 -0.45381725]]
[[-0.44659944 -0.51870231 -0.41947766 -0.59238562 -0.3549074  -0.68735638
  -0.50125388 -0.43644108 -0.32777283 -0.45387362]]
[[-0.44665761 -0.51876376 -0.41951975 -0.59242661 -0.35497125 -0.68741347
  -0.50130294 -0.43649108 -0.32781086 -0.4539299 ]]
[[-0.44671567 -0.51882507 -0.41956177 -0.59246752 -0.35503498 -0.68747045
  -0.50135191 -0.43654099 -0.32784881 -0.45398608]]
[[-0.44677364 -0.51888627 -0.41960371 -0.59250836 -0.3550986  -0.68752731
  -0.50140077 -0.43659079 -0.32788668 -0.45404215]]
[[-0.44683151 -0.51894734 -0.41964558 -0.59254911 -0.3551621  -0.68758406
  -0.50144955 -0.4366405  -0.32792447 -0.45409813]]
[[-0.44688928 -0.51900829 -0.41968737 -0.5925898  -0.35522549 -0.68764069
  -0.50149822 -0.43669011 -0.32796218 -0.45415401]]
[[-0.44694695 -0.51906911 -0.41972909 -0.59263041 -0.35528876 -0.68769721
  -0.50154681 -0.43673963 -0.32799982 -0.45420978]]
[[-0.44700452 -0.51912981 -0.41977074 -0.59267094 -0.35535191 -0.68775362
  -0.50159529 -0.43678904 -0.32803738 -0.45426546]]
[[-0.44706199 -0.51919039 -0.41981232 -0.5927114  -0.35541496 -0.6878099
  -0.50164369 -0.43683836 -0.32807485 -0.45432104]]
[[-0.44711936 -0.51925085 -0.41985382 -0.59275178 -0.35547789 -0.68786608
  -0.50169199 -0.43688758 -0.32811226 -0.45437653]]
[[-0.44717664 -0.51931119 -0.41989525 -0.59279209 -0.3555407  -0.68792214
  -0.50174019 -0.43693671 -0.32814958 -0.45443191]]
[[-0.44723382 -0.51937141 -0.41993661 -0.59283233 -0.35560341 -0.6879781
  -0.5017883  -0.43698574 -0.32818683 -0.4544872 ]]
[[-0.4472909  -0.5194315  -0.4199779  -0.59287249 -0.355666   -0.68803393
  -0.50183633 -0.43703468 -0.32822401 -0.45454239]]
[[-0.44734789 -0.51949148 -0.42001911 -0.59291258 -0.35572848 -0.68808966
  -0.50188425 -0.43708352 -0.3282611  -0.45459749]]
[[-0.44740478 -0.51955134 -0.42006026 -0.5929526  -0.35579085 -0.68814528
  -0.50193209 -0.43713226 -0.32829813 -0.45465248]]
[[-0.44746157 -0.51961108 -0.42010133 -0.59299254 -0.3558531  -0.68820078
  -0.50197983 -0.43718091 -0.32833507 -0.45470739]]
[[-0.44751827 -0.5196707  -0.42014233 -0.59303242 -0.35591525 -0.68825618
  -0.50202749 -0.43722947 -0.32837194 -0.45476219]]
[[-0.44757487 -0.51973021 -0.42018326 -0.59307222 -0.35597729 -0.68831147
  -0.50207505 -0.43727793 -0.32840874 -0.45481691]]
[[-0.44763138 -0.5197896  -0.42022413 -0.59311194 -0.35603921 -0.68836664
  -0.50212252 -0.4373263  -0.32844546 -0.45487152]]
[[-0.44768779 -0.51984887 -0.42026492 -0.5931516  -0.35610103 -0.68842171
  -0.5021699  -0.43737458 -0.32848211 -0.45492604]]
[[-0.44774411 -0.51990802 -0.42030564 -0.59319119 -0.35616274 -0.68847667
  -0.50221719 -0.43742276 -0.32851869 -0.45498047]]
[[-0.44780033 -0.51996706 -0.4203463  -0.5932307  -0.35622434 -0.68853152
  -0.50226439 -0.43747085 -0.32855519 -0.4550348 ]]
[[-0.44785646 -0.52002599 -0.42038688 -0.59327015 -0.35628583 -0.68858626
  -0.50231151 -0.43751885 -0.32859162 -0.45508904]]
[[-0.4479125  -0.52008479 -0.4204274  -0.59330952 -0.35634721 -0.6886409
  -0.50235853 -0.43756676 -0.32862798 -0.45514319]]
[[-0.44796845 -0.52014349 -0.42046784 -0.59334882 -0.35640848 -0.68869543
  -0.50240547 -0.43761457 -0.32866426 -0.45519725]]
[[-0.4480243  -0.52020207 -0.42050822 -0.59338806 -0.35646965 -0.68874985
  -0.50245231 -0.4376623  -0.32870047 -0.45525121]]
[[-0.44808005 -0.52026054 -0.42054853 -0.59342722 -0.35653071 -0.68880417
  -0.50249907 -0.43770993 -0.32873661 -0.45530508]]
[[-0.44813572 -0.52031889 -0.42058878 -0.59346631 -0.35659166 -0.68885838
  -0.50254574 -0.43775747 -0.32877268 -0.45535885]]
[[-0.44819129 -0.52037714 -0.42062895 -0.59350534 -0.35665251 -0.68891248
  -0.50259233 -0.43780493 -0.32880868 -0.45541254]]
[[-0.44824677 -0.52043527 -0.42066906 -0.5935443  -0.35671325 -0.68896648
  -0.50263882 -0.43785229 -0.32884461 -0.45546613]]
[[-0.44830217 -0.52049328 -0.4207091  -0.59358318 -0.35677388 -0.68902038
  -0.50268523 -0.43789956 -0.32888046 -0.45551964]]
[[-0.44835746 -0.52055119 -0.42074908 -0.593622   -0.35683441 -0.68907417
  -0.50273156 -0.43794674 -0.32891625 -0.45557305]]
[[-0.44841267 -0.52060899 -0.42078899 -0.59366076 -0.35689483 -0.68912786
  -0.5027778  -0.43799383 -0.32895196 -0.45562637]]
[[-0.44846779 -0.52066667 -0.42082883 -0.59369944 -0.35695515 -0.68918144
  -0.50282395 -0.43804084 -0.32898761 -0.4556796 ]]
[[-0.44852282 -0.52072425 -0.4208686  -0.59373806 -0.35701537 -0.68923493
  -0.50287001 -0.43808776 -0.32902318 -0.45573274]]
[[-0.44857775 -0.52078171 -0.42090831 -0.59377661 -0.35707548 -0.68928831
  -0.502916   -0.43813458 -0.32905869 -0.45578579]]
[[-0.4486326  -0.52083907 -0.42094796 -0.59381509 -0.35713549 -0.68934158
  -0.50296189 -0.43818132 -0.32909413 -0.45583876]]
[[-0.44868736 -0.52089632 -0.42098754 -0.5938535  -0.35719539 -0.68939476
  -0.50300771 -0.43822797 -0.32912949 -0.45589163]]
[[-0.44874203 -0.52095346 -0.42102705 -0.59389185 -0.3572552  -0.68944784
  -0.50305344 -0.43827454 -0.32916479 -0.45594442]]
[[-0.44879661 -0.52101049 -0.4210665  -0.59393014 -0.3573149  -0.68950081
  -0.50309908 -0.43832102 -0.32920003 -0.45599711]]
[[-0.4488511  -0.52106742 -0.42110588 -0.59396835 -0.35737449 -0.68955368
  -0.50314464 -0.43836741 -0.32923519 -0.45604972]]
[[-0.4489055  -0.52112424 -0.4211452  -0.5940065  -0.35743399 -0.68960646
  -0.50319012 -0.43841371 -0.32927029 -0.45610225]]
[[-0.44895981 -0.52118095 -0.42118446 -0.59404459 -0.35749338 -0.68965913
  -0.50323552 -0.43845993 -0.32930532 -0.45615468]]
[[-0.44901404 -0.52123755 -0.42122365 -0.59408261 -0.35755267 -0.6897117
  -0.50328083 -0.43850606 -0.32934028 -0.45620703]]
[[-0.44906818 -0.52129405 -0.42126278 -0.59412057 -0.35761186 -0.68976418
  -0.50332606 -0.43855211 -0.32937517 -0.45625929]]
[[-0.44912223 -0.52135045 -0.42130184 -0.59415846 -0.35767095 -0.68981655
  -0.50337121 -0.43859807 -0.32941    -0.45631146]]
[[-0.44917619 -0.52140674 -0.42134084 -0.59419628 -0.35772995 -0.68986883
  -0.50341628 -0.43864395 -0.32944476 -0.45636355]]
[[-0.44923007 -0.52146292 -0.42137978 -0.59423404 -0.35778884 -0.68992101
  -0.50346126 -0.43868974 -0.32947946 -0.45641555]]
[[-0.44928386 -0.521519   -0.42141865 -0.59427174 -0.35784763 -0.6899731
  -0.50350617 -0.43873545 -0.32951409 -0.45646746]]
[[-0.44933756 -0.52157498 -0.42145747 -0.59430937 -0.35790632 -0.69002508
  -0.50355099 -0.43878107 -0.32954865 -0.45651929]]
[[-0.44939118 -0.52163085 -0.42149622 -0.59434694 -0.35796491 -0.69007697
  -0.50359574 -0.43882661 -0.32958315 -0.45657104]]
[[-0.44944471 -0.52168662 -0.4215349  -0.59438445 -0.3580234  -0.69012876
  -0.5036404  -0.43887207 -0.32961758 -0.4566227 ]]
[[-0.44949816 -0.52174229 -0.42157353 -0.59442189 -0.3580818  -0.69018046
  -0.50368498 -0.43891744 -0.32965195 -0.45667427]]
[[-0.44955152 -0.52179785 -0.42161209 -0.59445928 -0.3581401  -0.69023206
  -0.50372949 -0.43896273 -0.32968626 -0.45672577]]
[[-0.4496048  -0.52185331 -0.42165059 -0.59449659 -0.3581983  -0.69028356
  -0.50377391 -0.43900793 -0.3297205  -0.45677717]]
[[-0.44965799 -0.52190867 -0.42168904 -0.59453385 -0.3582564  -0.69033497
  -0.50381826 -0.43905306 -0.32975467 -0.4568285 ]]
[[-0.44971109 -0.52196393 -0.42172742 -0.59457104 -0.3583144  -0.69038629
  -0.50386252 -0.4390981  -0.32978879 -0.45687974]]
[[-0.44976411 -0.52201909 -0.42176573 -0.59460817 -0.35837231 -0.69043751
  -0.50390671 -0.43914306 -0.32982284 -0.45693089]]
[[-0.44981705 -0.52207415 -0.42180399 -0.59464524 -0.35843012 -0.69048863
  -0.50395082 -0.43918794 -0.32985682 -0.45698197]]
[[-0.4498699  -0.52212911 -0.42184219 -0.59468225 -0.35848784 -0.69053967
  -0.50399485 -0.43923273 -0.32989074 -0.45703296]]
[[-0.44992267 -0.52218397 -0.42188033 -0.5947192  -0.35854546 -0.69059061
  -0.50403881 -0.43927745 -0.3299246  -0.45708387]]
[[-0.44997536 -0.52223873 -0.42191841 -0.59475608 -0.35860298 -0.69064145
  -0.50408268 -0.43932208 -0.3299584  -0.45713469]]
[[-0.45002796 -0.52229339 -0.42195642 -0.59479291 -0.35866041 -0.69069221
  -0.50412648 -0.43936664 -0.32999213 -0.45718544]]
[[-0.45008048 -0.52234795 -0.42199438 -0.59482967 -0.35871774 -0.69074287
  -0.50417021 -0.43941111 -0.33002581 -0.4572361 ]]
[[-0.45013292 -0.52240242 -0.42203228 -0.59486637 -0.35877498 -0.69079344
  -0.50421385 -0.4394555  -0.33005942 -0.45728668]]
[[-0.45018527 -0.52245678 -0.42207012 -0.59490302 -0.35883212 -0.69084391
  -0.50425742 -0.43949982 -0.33009297 -0.45733718]]
[[-0.45023754 -0.52251105 -0.4221079  -0.5949396  -0.35888917 -0.6908943
  -0.50430092 -0.43954405 -0.33012645 -0.4573876 ]]
[[-0.45028973 -0.52256522 -0.42214562 -0.59497612 -0.35894613 -0.6909446
  -0.50434434 -0.4395882  -0.33015988 -0.45743794]]
[[-0.45034184 -0.5226193  -0.42218328 -0.59501258 -0.35900299 -0.6909948
  -0.50438768 -0.43963228 -0.33019324 -0.4574882 ]]
[[-0.45039387 -0.52267328 -0.42222089 -0.59504899 -0.35905976 -0.69104491
  -0.50443095 -0.43967628 -0.33022655 -0.45753838]]
[[-0.45044581 -0.52272716 -0.42225843 -0.59508533 -0.35911644 -0.69109494
  -0.50447414 -0.43972019 -0.33025979 -0.45758848]]
[[-0.45049768 -0.52278095 -0.42229592 -0.59512162 -0.35917302 -0.69114487
  -0.50451726 -0.43976403 -0.33029298 -0.4576385 ]]
[[-0.45054946 -0.52283464 -0.42233335 -0.59515785 -0.35922951 -0.69119472
  -0.5045603  -0.4398078  -0.3303261  -0.45768843]]
[[-0.45060116 -0.52288823 -0.42237072 -0.59519401 -0.35928591 -0.69124448
  -0.50460327 -0.43985148 -0.33035916 -0.4577383 ]]
[[-0.45065278 -0.52294173 -0.42240804 -0.59523012 -0.35934222 -0.69129414
  -0.50464617 -0.43989509 -0.33039217 -0.45778808]]
[[-0.45070432 -0.52299514 -0.4224453  -0.59526617 -0.35939844 -0.69134372
  -0.50468899 -0.43993861 -0.33042511 -0.45783778]]
[[-0.45075578 -0.52304845 -0.4224825  -0.59530217 -0.35945456 -0.69139321
  -0.50473174 -0.43998207 -0.330458   -0.45788741]]
[[-0.45080716 -0.52310167 -0.42251964 -0.5953381  -0.35951059 -0.69144262
  -0.50477441 -0.44002544 -0.33049082 -0.45793695]]
[[-0.45085846 -0.5231548  -0.42255673 -0.59537398 -0.35956654 -0.69149193
  -0.50481702 -0.44006874 -0.33052359 -0.45798642]]
[[-0.45090968 -0.52320783 -0.42259376 -0.5954098  -0.35962239 -0.69154116
  -0.50485955 -0.44011196 -0.3305563  -0.45803581]]
[[-0.45096083 -0.52326077 -0.42263074 -0.59544557 -0.35967815 -0.6915903
  -0.504902   -0.44015511 -0.33058895 -0.45808513]]
[[-0.45101189 -0.52331362 -0.42266766 -0.59548127 -0.35973382 -0.69163936
  -0.50494439 -0.44019818 -0.33062154 -0.45813436]]
[[-0.45106287 -0.52336637 -0.42270452 -0.59551692 -0.3597894  -0.69168833
  -0.5049867  -0.44024118 -0.33065408 -0.45818352]]
[[-0.45111378 -0.52341903 -0.42274132 -0.59555251 -0.3598449  -0.69173721
  -0.50502894 -0.4402841  -0.33068656 -0.45823261]]
